"","dt","dnum","hnum","totchib","winchib","xbxchib","xtkchib","xabchib","totcall","wincall","xbxcall","xtkcall","xabcall","actsess","actuser"
"1",2017-02-01 00:00:00,762,18288,983,669,314,199,115,2119,454,1665,1209,456,94781,94403
"2",2017-02-01 01:00:00,762,18289,958,628,330,215,115,1776,378,1398,1037,361,89843,89476
"3",2017-02-01 02:00:00,762,18290,879,596,283,173,110,1470,299,1171,833,338,85513,85183
"4",2017-02-01 03:00:00,762,18291,903,621,282,197,85,1034,203,831,605,226,82130,81816
"5",2017-02-01 04:00:00,762,18292,695,472,223,147,76,753,166,587,438,149,78317,77998
"6",2017-02-01 05:00:00,762,18293,559,396,163,91,72,472,117,355,256,99,73179,72887
"7",2017-02-01 06:00:00,762,18294,435,312,123,70,53,263,67,196,149,47,71672,71388
"8",2017-02-01 07:00:00,762,18295,325,261,64,39,25,152,69,83,56,27,73379,73081
"9",2017-02-01 08:00:00,762,18296,269,208,61,42,19,89,43,46,33,13,76011,75667
"10",2017-02-01 09:00:00,762,18297,290,238,52,26,26,84,29,55,43,12,79723,79361
"11",2017-02-01 10:00:00,762,18298,253,205,48,21,27,77,33,44,27,17,80445,80080
"12",2017-02-01 11:00:00,762,18299,268,210,58,38,20,132,44,88,60,28,84812,84439
"13",2017-02-01 12:00:00,762,18300,351,281,70,36,34,273,98,175,114,61,104679,104306
"14",2017-02-01 13:00:00,762,18301,506,411,95,63,32,615,188,427,289,138,140940,140450
"15",2017-02-01 14:00:00,762,18302,681,561,120,67,53,1106,357,749,494,255,169669,169071
"16",2017-02-01 15:00:00,762,18303,840,695,145,76,69,1338,424,914,601,313,179564,178872
"17",2017-02-01 16:00:00,762,18304,958,806,152,95,57,1603,507,1096,733,363,177739,177041
"18",2017-02-01 17:00:00,762,18305,907,753,154,93,61,1706,599,1107,751,356,164940,164317
"19",2017-02-01 18:00:00,762,18306,1025,801,224,152,72,1824,673,1151,788,363,160314,159668
"20",2017-02-01 19:00:00,762,18307,972,749,223,148,75,2008,689,1319,916,403,159689,159059
"21",2017-02-01 20:00:00,762,18308,1004,749,255,163,92,2208,641,1567,1100,467,150932,150316
"22",2017-02-01 21:00:00,762,18309,1092,793,299,185,114,2444,661,1783,1238,545,138775,138212
"23",2017-02-01 22:00:00,762,18310,1073,745,328,207,121,2484,552,1932,1354,578,117850,117398
"24",2017-02-01 23:00:00,762,18311,1040,709,331,219,112,2304,505,1799,1300,499,98863,98440
"25",2017-02-02 00:00:00,763,18312,1084,737,347,195,152,2149,454,1695,1209,486,93938,93572
"26",2017-02-02 01:00:00,763,18313,1180,781,399,251,148,2093,359,1734,1224,510,91776,91412
"27",2017-02-02 02:00:00,763,18314,1017,666,351,219,132,1664,268,1396,1006,390,87690,87322
"28",2017-02-02 03:00:00,763,18315,968,649,319,188,131,1399,214,1185,843,342,83997,83610
"29",2017-02-02 04:00:00,763,18316,824,575,249,140,109,955,161,794,532,262,80257,79914
"30",2017-02-02 05:00:00,763,18317,585,400,185,120,65,639,129,510,355,155,75737,75402
"31",2017-02-02 06:00:00,763,18318,499,347,152,94,58,245,93,152,115,37,76519,76193
"32",2017-02-02 07:00:00,763,18319,333,257,76,48,28,167,46,121,86,35,78381,78031
"33",2017-02-02 08:00:00,763,18320,271,194,77,48,29,84,38,46,33,13,80581,80226
"34",2017-02-02 09:00:00,763,18321,296,240,56,36,20,74,29,45,32,13,83412,83056
"35",2017-02-02 10:00:00,763,18322,292,244,48,27,21,82,42,40,27,13,83476,83125
"36",2017-02-02 11:00:00,763,18323,332,266,66,46,20,135,42,93,57,36,91364,90981
"37",2017-02-02 12:00:00,763,18324,326,267,59,38,21,220,63,157,106,51,126942,126582
"38",2017-02-02 13:00:00,763,18325,516,415,101,60,41,634,200,434,293,141,185136,184682
"39",2017-02-02 14:00:00,763,18326,750,641,109,65,44,1190,326,864,565,299,220345,219737
"40",2017-02-02 15:00:00,763,18327,784,646,138,82,56,1372,456,916,621,295,222052,221308
"41",2017-02-02 16:00:00,763,18328,881,735,146,93,53,1550,566,984,677,307,216043,215351
"42",2017-02-02 17:00:00,763,18329,986,813,173,108,65,1789,565,1224,820,404,196539,195863
"43",2017-02-02 18:00:00,763,18330,1053,846,207,120,87,1825,647,1178,809,369,189555,188873
"44",2017-02-02 19:00:00,763,18331,922,747,175,109,66,1862,576,1286,868,418,186244,185560
"45",2017-02-02 20:00:00,763,18332,1051,801,250,176,74,2143,692,1451,997,454,174490,173858
"46",2017-02-02 21:00:00,763,18333,1126,801,325,198,127,2281,633,1648,1168,480,159514,158922
"47",2017-02-02 22:00:00,763,18334,1119,787,332,229,103,2540,565,1975,1366,609,132601,132143
"48",2017-02-02 23:00:00,763,18335,1035,712,323,212,111,2318,487,1831,1289,542,107859,107414
"49",2017-02-03 00:00:00,764,18336,1075,725,350,244,106,2200,401,1799,1270,529,99427,99033
"50",2017-02-03 01:00:00,764,18337,963,652,311,207,104,1820,332,1488,1068,420,94696,94276
"51",2017-02-03 02:00:00,764,18338,916,644,272,180,92,1577,316,1261,888,373,88210,87808
"52",2017-02-03 03:00:00,764,18339,905,642,263,181,82,1262,213,1049,748,301,83189,82806
"53",2017-02-03 04:00:00,764,18340,777,554,223,142,81,807,146,661,479,182,76159,75878
"54",2017-02-03 05:00:00,764,18341,575,397,178,108,70,597,136,461,339,122,70429,70127
"55",2017-02-03 06:00:00,764,18342,418,296,122,82,40,309,103,206,152,54,71402,71080
"56",2017-02-03 07:00:00,764,18343,337,231,106,59,47,167,73,94,68,26,72272,71948
"57",2017-02-03 08:00:00,764,18344,337,258,79,51,28,125,45,80,55,25,73827,73499
"58",2017-02-03 09:00:00,764,18345,325,257,68,46,22,74,30,44,34,10,76018,75671
"59",2017-02-03 10:00:00,764,18346,282,230,52,36,16,80,31,49,32,17,75905,75559
"60",2017-02-03 11:00:00,764,18347,304,246,58,33,25,137,43,94,66,28,84409,84058
"61",2017-02-03 12:00:00,764,18348,315,251,64,38,26,289,90,199,127,72,117616,117257
"62",2017-02-03 13:00:00,764,18349,435,352,83,44,39,666,190,476,305,171,170841,170371
"63",2017-02-03 14:00:00,764,18350,621,503,118,76,42,1211,317,894,592,302,195097,194553
"64",2017-02-03 15:00:00,764,18351,815,665,150,91,59,1392,452,940,656,284,195054,194423
"65",2017-02-03 16:00:00,764,18352,846,687,159,89,70,1611,571,1040,737,303,191243,190515
"66",2017-02-03 17:00:00,764,18353,886,686,200,136,64,1705,580,1125,773,352,172080,171413
"67",2017-02-03 18:00:00,764,18354,868,662,206,125,81,1865,613,1252,869,383,165810,165189
"68",2017-02-03 19:00:00,764,18355,933,696,237,163,74,2092,660,1432,1014,418,162285,161642
"69",2017-02-03 20:00:00,764,18356,957,689,268,158,110,2267,699,1568,1091,477,152016,151432
"70",2017-02-03 21:00:00,764,18357,964,703,261,169,92,2496,648,1848,1305,543,135815,135230
"71",2017-02-03 22:00:00,764,18358,968,688,280,192,88,2539,576,1963,1365,598,111469,111043
"72",2017-02-03 23:00:00,764,18359,971,614,357,236,121,2313,506,1807,1281,526,91280,90882
"73",2017-02-04 00:00:00,765,18360,930,579,351,220,131,2203,422,1781,1290,491,81014,80685
"74",2017-02-04 01:00:00,765,18361,920,545,375,251,124,1986,343,1643,1197,446,75048,74717
"75",2017-02-04 02:00:00,765,18362,937,604,333,226,107,1684,264,1420,1033,387,71629,71297
"76",2017-02-04 03:00:00,765,18363,812,556,256,160,96,1367,209,1158,855,303,69083,68773
"77",2017-02-04 04:00:00,765,18364,774,481,293,180,113,1052,177,875,635,240,66334,66045
"78",2017-02-04 05:00:00,765,18365,693,451,242,159,83,778,123,655,480,175,61478,61250
"79",2017-02-04 06:00:00,765,18366,541,370,171,110,61,465,103,362,265,97,58039,57776
"80",2017-02-04 07:00:00,765,18367,385,256,129,84,45,203,49,154,112,42,54452,54208
"81",2017-02-04 08:00:00,765,18368,294,215,79,54,25,157,58,99,67,32,53013,52775
"82",2017-02-04 09:00:00,765,18369,278,201,77,53,24,118,48,70,45,25,53156,52926
"83",2017-02-04 10:00:00,765,18370,252,194,58,40,18,84,31,53,35,18,53936,53709
"84",2017-02-04 11:00:00,765,18371,258,197,61,48,13,117,27,90,63,27,58104,57866
"85",2017-02-04 12:00:00,765,18372,324,246,78,55,23,256,59,197,134,63,66438,66157
"86",2017-02-04 13:00:00,765,18373,444,354,90,61,29,552,127,425,295,130,77785,77491
"87",2017-02-04 14:00:00,765,18374,644,507,137,96,41,1159,230,929,650,279,88451,88126
"88",2017-02-04 15:00:00,765,18375,813,609,204,164,40,1744,330,1414,991,423,96866,96459
"89",2017-02-04 16:00:00,765,18376,924,666,258,178,80,1910,379,1531,1076,455,99735,99323
"90",2017-02-04 17:00:00,765,18377,1137,808,329,206,123,2154,476,1678,1189,489,97755,97364
"91",2017-02-04 18:00:00,765,18378,1171,817,354,225,129,2324,478,1846,1329,517,94655,94215
"92",2017-02-04 19:00:00,765,18379,1148,793,355,210,145,2405,503,1902,1341,561,91692,91271
"93",2017-02-04 20:00:00,765,18380,1163,811,352,225,127,2188,505,1683,1233,450,88444,88018
"94",2017-02-04 21:00:00,765,18381,1130,768,362,252,110,2398,502,1896,1374,522,83099,82745
"95",2017-02-04 22:00:00,765,18382,1181,726,455,323,132,2409,452,1957,1416,541,78050,77678
"96",2017-02-04 23:00:00,765,18383,1128,705,423,294,129,2239,346,1893,1388,505,72092,71758
"97",2017-02-05 00:00:00,766,18384,1080,634,446,287,159,2011,364,1647,1196,451,68595,68291
"98",2017-02-05 01:00:00,766,18385,1108,687,421,271,150,1789,279,1510,1072,438,66011,65713
"99",2017-02-05 02:00:00,766,18386,928,570,358,249,109,1599,235,1364,993,371,66095,65780
"100",2017-02-05 03:00:00,766,18387,906,543,363,276,87,1257,201,1056,785,271,67159,66884
"101",2017-02-05 04:00:00,766,18388,785,506,279,211,68,893,158,735,540,195,66762,66488
"102",2017-02-05 05:00:00,766,18389,692,436,256,169,87,613,126,487,366,121,62431,62197
"103",2017-02-05 06:00:00,766,18390,557,378,179,113,66,398,70,328,237,91,58601,58377
"104",2017-02-05 07:00:00,766,18391,461,319,142,71,71,262,59,203,141,62,55384,55142
"105",2017-02-05 08:00:00,766,18392,346,240,106,63,43,130,37,93,69,24,53109,52878
"106",2017-02-05 09:00:00,766,18393,272,201,71,51,20,90,30,60,46,14,52585,52358
"107",2017-02-05 10:00:00,766,18394,254,185,69,44,25,83,18,65,45,20,53575,53373
"108",2017-02-05 11:00:00,766,18395,264,193,71,36,35,65,20,45,30,15,57003,56763
"109",2017-02-05 12:00:00,766,18396,287,211,76,55,21,173,36,137,96,41,63536,63303
"110",2017-02-05 13:00:00,766,18397,447,334,113,74,39,426,87,339,235,104,71827,71550
"111",2017-02-05 14:00:00,766,18398,616,441,175,108,67,848,178,670,473,197,79917,79628
"112",2017-02-05 15:00:00,766,18399,874,623,251,143,108,1402,258,1144,812,332,86807,86429
"113",2017-02-05 16:00:00,766,18400,943,646,297,165,132,1581,292,1289,917,372,92208,91822
"114",2017-02-05 17:00:00,766,18401,1040,682,358,222,136,2017,357,1660,1187,473,93613,93178
"115",2017-02-05 18:00:00,766,18402,1122,776,346,215,131,2124,393,1731,1227,504,91598,91190
"116",2017-02-05 19:00:00,766,18403,1091,733,358,230,128,2005,384,1621,1161,460,91265,90827
"117",2017-02-05 20:00:00,766,18404,1226,811,415,255,160,2193,410,1783,1308,475,88691,88283
"118",2017-02-05 21:00:00,766,18405,1123,770,353,222,131,1945,394,1551,1154,397,84410,84020
"119",2017-02-05 22:00:00,766,18406,1069,710,359,229,130,1686,336,1350,980,370,78465,78158
"120",2017-02-05 23:00:00,766,18407,911,635,276,163,113,1365,254,1111,799,312,68825,68495
"121",2017-02-06 00:00:00,767,18408,830,581,249,151,98,1209,215,994,725,269,72706,72398
"122",2017-02-06 01:00:00,767,18409,764,487,277,188,89,994,209,785,579,206,79629,79309
"123",2017-02-06 02:00:00,767,18410,852,587,265,165,100,877,184,693,482,211,77536,77214
"124",2017-02-06 03:00:00,767,18411,736,493,243,145,98,616,144,472,342,130,75858,75561
"125",2017-02-06 04:00:00,767,18412,774,531,243,149,94,555,126,429,312,117,82853,82554
"126",2017-02-06 05:00:00,767,18413,677,478,199,125,74,436,100,336,238,98,81350,81018
"127",2017-02-06 06:00:00,767,18414,442,300,142,97,45,210,60,150,107,43,81982,81656
"128",2017-02-06 07:00:00,767,18415,339,259,80,53,27,139,57,82,64,18,83628,83299
"129",2017-02-06 08:00:00,767,18416,298,228,70,38,32,69,21,48,32,16,84774,84379
"130",2017-02-06 09:00:00,767,18417,298,240,58,39,19,76,31,45,31,14,87517,87179
"131",2017-02-06 10:00:00,767,18418,266,221,45,26,19,61,27,34,24,10,87881,87495
"132",2017-02-06 11:00:00,767,18419,297,252,45,26,19,70,32,38,27,11,104267,103888
"133",2017-02-06 12:00:00,767,18420,306,256,50,30,20,210,75,135,97,38,166778,166402
"134",2017-02-06 13:00:00,767,18421,460,384,76,49,27,642,201,441,298,143,252637,252123
"135",2017-02-06 14:00:00,767,18422,672,553,119,82,37,1252,356,896,592,304,274680,274008
"136",2017-02-06 15:00:00,767,18423,804,661,143,100,43,1424,439,985,660,325,251373,250637
"137",2017-02-06 16:00:00,767,18424,927,761,166,101,65,1701,574,1127,782,345,236083,235318
"138",2017-02-06 17:00:00,767,18425,1028,851,177,91,86,1892,637,1255,835,420,207370,206618
"139",2017-02-06 18:00:00,767,18426,1079,856,223,131,92,2025,689,1336,921,415,195451,194823
"140",2017-02-06 19:00:00,767,18427,1104,839,265,153,112,1970,648,1322,911,411,190948,190264
"141",2017-02-06 20:00:00,767,18428,1113,837,276,179,97,2353,668,1685,1155,530,176698,176050
"142",2017-02-06 21:00:00,767,18429,1197,876,321,205,116,2614,723,1891,1319,572,159299,158674
"143",2017-02-06 22:00:00,767,18430,1182,806,376,231,145,2609,599,2010,1419,591,131678,131168
"144",2017-02-06 23:00:00,767,18431,1112,698,414,251,163,2618,561,2057,1486,571,108920,108509
"145",2017-02-07 00:00:00,768,18432,1195,780,415,262,153,2320,496,1824,1322,502,101926,101528
"146",2017-02-07 01:00:00,768,18433,1235,816,419,282,137,2023,400,1623,1169,454,97862,97468
"147",2017-02-07 02:00:00,768,18434,1024,679,345,238,107,1684,318,1366,977,389,91706,91302
"148",2017-02-07 03:00:00,768,18435,951,657,294,195,99,1182,266,916,646,270,87218,86856
"149",2017-02-07 04:00:00,768,18436,726,520,206,141,65,743,164,579,427,152,81925,81554
"150",2017-02-07 05:00:00,768,18437,683,491,192,135,57,600,145,455,328,127,77270,76965
"151",2017-02-07 06:00:00,768,18438,453,313,140,92,48,263,80,183,132,51,77911,77600
"152",2017-02-07 07:00:00,768,18439,393,281,112,73,39,167,67,100,69,31,79558,79198
"153",2017-02-07 08:00:00,768,18440,323,249,74,54,20,110,49,61,45,16,82550,82172
"154",2017-02-07 09:00:00,768,18441,308,232,76,40,36,78,42,36,25,11,83459,83075
"155",2017-02-07 10:00:00,768,18442,288,238,50,25,25,72,28,44,26,18,83439,83045
"156",2017-02-07 11:00:00,768,18443,293,245,48,27,21,130,40,90,54,36,90070,89701
"157",2017-02-07 12:00:00,768,18444,382,308,74,41,33,316,94,222,144,78,120417,120024
"158",2017-02-07 13:00:00,768,18445,515,414,101,66,35,694,229,465,297,168,168180,167743
"159",2017-02-07 14:00:00,768,18446,686,570,116,51,65,1105,329,776,523,253,197089,196435
"160",2017-02-07 15:00:00,768,18447,849,689,160,81,79,1418,500,918,624,294,203286,202554
"161",2017-02-07 16:00:00,768,18448,933,748,185,115,70,1739,624,1115,759,356,197006,196287
"162",2017-02-07 17:00:00,768,18449,935,739,196,127,69,1750,612,1138,781,357,179928,179253
"163",2017-02-07 18:00:00,768,18450,1051,832,219,140,79,1838,645,1193,825,368,175399,174703
"164",2017-02-07 19:00:00,768,18451,1060,829,231,155,76,1982,708,1274,882,392,173774,173118
"165",2017-02-07 20:00:00,768,18452,1058,803,255,176,79,2439,765,1674,1144,530,162749,162074
"166",2017-02-07 21:00:00,768,18453,1152,826,326,197,129,2499,636,1863,1341,522,148122,147533
"167",2017-02-07 22:00:00,768,18454,1169,793,376,250,126,2607,691,1916,1388,528,124565,124048
"168",2017-02-07 23:00:00,768,18455,1154,757,397,264,133,2454,562,1892,1355,537,104434,104049
"169",2017-02-08 00:00:00,769,18456,1180,748,432,286,146,2210,456,1754,1300,454,96803,96397
"170",2017-02-08 01:00:00,769,18457,1100,755,345,221,124,2054,390,1664,1203,461,94122,93731
"171",2017-02-08 02:00:00,769,18458,981,645,336,218,118,1552,304,1248,896,352,88677,88300
"172",2017-02-08 03:00:00,769,18459,908,593,315,193,122,1187,238,949,676,273,85100,84720
"173",2017-02-08 04:00:00,769,18460,788,536,252,162,90,719,153,566,422,144,80535,80192
"174",2017-02-08 05:00:00,769,18461,644,442,202,126,76,475,122,353,263,90,76773,76437
"175",2017-02-08 06:00:00,769,18462,436,327,109,63,46,303,73,230,157,73,77862,77556
"176",2017-02-08 07:00:00,769,18463,371,285,86,53,33,215,57,158,105,53,79470,79144
"177",2017-02-08 08:00:00,769,18464,336,257,79,47,32,96,34,62,44,18,81117,80753
"178",2017-02-08 09:00:00,769,18465,311,244,67,39,28,92,31,61,40,21,84610,84248
"179",2017-02-08 10:00:00,769,18466,320,262,58,41,17,73,17,56,37,19,82538,82189
"180",2017-02-08 11:00:00,769,18467,294,229,65,36,29,131,45,86,54,32,86407,86025
"181",2017-02-08 12:00:00,769,18468,385,299,86,48,38,277,95,182,116,66,106642,106237
"182",2017-02-08 13:00:00,769,18469,558,457,101,51,50,666,210,456,303,153,143718,143225
"183",2017-02-08 14:00:00,769,18470,652,537,115,51,64,1097,334,763,501,262,173634,172964
"184",2017-02-08 15:00:00,769,18471,746,605,141,81,60,1196,435,761,522,239,182782,182052
"185",2017-02-08 16:00:00,769,18472,893,751,142,78,64,1491,546,945,645,300,181687,181003
"186",2017-02-08 17:00:00,769,18473,983,770,213,134,79,1778,642,1136,782,354,167433,166755
"187",2017-02-08 18:00:00,769,18474,986,764,222,143,79,1777,667,1110,768,342,164014,163357
"188",2017-02-08 19:00:00,769,18475,928,738,190,116,74,1924,738,1186,834,352,163083,162445
"189",2017-02-08 20:00:00,769,18476,1102,829,273,182,91,2131,689,1442,1027,415,154731,154112
"190",2017-02-08 21:00:00,769,18477,1148,838,310,190,120,2504,649,1855,1317,538,140233,139634
"191",2017-02-08 22:00:00,769,18478,1270,897,373,252,121,2442,576,1866,1317,549,119755,119291
"192",2017-02-08 23:00:00,769,18479,1044,716,328,224,104,2586,531,2055,1458,597,101803,101373
"193",2017-02-09 00:00:00,770,18480,1104,690,414,268,146,2284,479,1805,1279,526,96071,95670
"194",2017-02-09 01:00:00,770,18481,1172,791,381,256,125,1820,370,1450,1046,404,95269,94899
"195",2017-02-09 02:00:00,770,18482,1060,710,350,255,95,1764,377,1387,1012,375,91024,90647
"196",2017-02-09 03:00:00,770,18483,983,669,314,216,98,1295,255,1040,760,280,87321,87012
"197",2017-02-09 04:00:00,770,18484,730,500,230,142,88,926,205,721,516,205,83202,82846
"198",2017-02-09 05:00:00,770,18485,546,361,185,128,57,545,152,393,289,104,80035,79754
"199",2017-02-09 06:00:00,770,18486,428,281,147,105,42,313,103,210,153,57,80646,80325
"200",2017-02-09 07:00:00,770,18487,390,287,103,73,30,172,66,106,76,30,81775,81448
"201",2017-02-09 08:00:00,770,18488,281,223,58,38,20,127,46,81,59,22,83525,83152
"202",2017-02-09 09:00:00,770,18489,319,254,65,38,27,81,26,55,36,19,84720,84318
"203",2017-02-09 10:00:00,770,18490,269,225,44,26,18,67,29,38,28,10,84678,84287
"204",2017-02-09 11:00:00,770,18491,308,268,40,20,20,122,43,79,51,28,91569,91197
"205",2017-02-09 12:00:00,770,18492,349,278,71,45,26,278,100,178,118,60,123555,123151
"206",2017-02-09 13:00:00,770,18493,541,420,121,74,47,637,195,442,293,149,176869,176367
"207",2017-02-09 14:00:00,770,18494,728,593,135,76,59,1215,392,823,560,263,209589,208994
"208",2017-02-09 15:00:00,770,18495,934,719,215,149,66,1577,492,1085,760,325,214301,213596
"209",2017-02-09 16:00:00,770,18496,904,727,177,113,64,1833,609,1224,831,393,208422,207699
"210",2017-02-09 17:00:00,770,18497,1015,782,233,154,79,2102,688,1414,997,417,190616,189894
"211",2017-02-09 18:00:00,770,18498,1125,856,269,167,102,2173,747,1426,1022,404,183914,183229
"212",2017-02-09 19:00:00,770,18499,1121,843,278,175,103,2330,728,1602,1128,474,180536,179863
"213",2017-02-09 20:00:00,770,18500,1142,833,309,201,108,2335,760,1575,1115,460,170040,169358
"214",2017-02-09 21:00:00,770,18501,1203,850,353,220,133,2611,722,1889,1337,552,155003,154439
"215",2017-02-09 22:00:00,770,18502,1110,775,335,226,109,2583,678,1905,1365,540,129252,128774
"216",2017-02-09 23:00:00,770,18503,1099,732,367,250,117,2484,579,1905,1375,530,106172,105762
"217",2017-02-10 00:00:00,771,18504,1081,707,374,244,130,2224,415,1809,1316,493,98421,98034
"218",2017-02-10 01:00:00,771,18505,1109,756,353,234,119,1774,367,1407,1009,398,94365,93972
"219",2017-02-10 02:00:00,771,18506,1045,703,342,222,120,1523,288,1235,899,336,87840,87509
"220",2017-02-10 03:00:00,771,18507,899,612,287,185,102,1081,235,846,614,232,82237,81909
"221",2017-02-10 04:00:00,771,18508,705,475,230,153,77,839,169,670,461,209,76528,76229
"222",2017-02-10 05:00:00,771,18509,617,403,214,154,60,607,142,465,348,117,70849,70563
"223",2017-02-10 06:00:00,771,18510,458,318,140,94,46,279,96,183,137,46,71819,71515
"224",2017-02-10 07:00:00,771,18511,343,242,101,60,41,161,58,103,70,33,73377,73041
"225",2017-02-10 08:00:00,771,18512,318,232,86,50,36,151,59,92,63,29,73084,72773
"226",2017-02-10 09:00:00,771,18513,272,209,63,29,34,75,26,49,33,16,75906,75576
"227",2017-02-10 10:00:00,771,18514,298,237,61,31,30,65,30,35,24,11,75945,75623
"228",2017-02-10 11:00:00,771,18515,311,254,57,28,29,144,54,90,63,27,83828,83488
"229",2017-02-10 12:00:00,771,18516,326,259,67,48,19,296,100,196,133,63,117899,117531
"230",2017-02-10 13:00:00,771,18517,484,405,79,45,34,610,199,411,270,141,172165,171658
"231",2017-02-10 14:00:00,771,18518,665,548,117,70,47,1189,385,804,537,267,198238,197663
"232",2017-02-10 15:00:00,771,18519,822,677,145,89,56,1422,505,917,605,312,198118,197479
"233",2017-02-10 16:00:00,771,18520,885,670,215,144,71,1745,643,1102,756,346,191546,190868
"234",2017-02-10 17:00:00,771,18521,865,674,191,128,63,1788,593,1195,811,384,172002,171379
"235",2017-02-10 18:00:00,771,18522,895,671,224,135,89,1879,635,1244,879,365,162667,162092
"236",2017-02-10 19:00:00,771,18523,1079,783,296,175,121,2088,656,1432,999,433,159771,159131
"237",2017-02-10 20:00:00,771,18524,1023,717,306,195,111,2305,589,1716,1240,476,148475,147931
"238",2017-02-10 21:00:00,771,18525,1054,708,346,235,111,2431,653,1778,1258,520,133275,132763
"239",2017-02-10 22:00:00,771,18526,1065,699,366,232,134,2482,557,1925,1402,523,109334,108915
"240",2017-02-10 23:00:00,771,18527,960,608,352,229,123,2400,502,1898,1367,531,88951,88604
"241",2017-02-11 00:00:00,772,18528,992,620,372,233,139,2180,377,1803,1320,483,78911,78570
"242",2017-02-11 01:00:00,772,18529,945,539,406,267,139,2027,351,1676,1226,450,73165,72883
"243",2017-02-11 02:00:00,772,18530,928,602,326,212,114,1787,302,1485,1097,388,69408,69135
"244",2017-02-11 03:00:00,772,18531,900,635,265,194,71,1578,245,1333,974,359,67847,67560
"245",2017-02-11 04:00:00,772,18532,771,538,233,159,74,1186,156,1030,757,273,64742,64458
"246",2017-02-11 05:00:00,772,18533,719,502,217,151,66,621,128,493,368,125,60560,60304
"247",2017-02-11 06:00:00,772,18534,537,384,153,102,51,409,97,312,230,82,56016,55775
"248",2017-02-11 07:00:00,772,18535,404,294,110,61,49,225,64,161,114,47,53695,53445
"249",2017-02-11 08:00:00,772,18536,346,271,75,43,32,131,45,86,67,19,51499,51278
"250",2017-02-11 09:00:00,772,18537,293,228,65,39,26,88,34,54,35,19,51751,51514
"251",2017-02-11 10:00:00,772,18538,274,227,47,32,15,92,43,49,37,12,52446,52213
"252",2017-02-11 11:00:00,772,18539,257,200,57,36,21,91,26,65,46,19,56807,56557
"253",2017-02-11 12:00:00,772,18540,357,267,90,63,27,195,47,148,103,45,64908,64650
"254",2017-02-11 13:00:00,772,18541,449,344,105,69,36,528,120,408,289,119,76499,76195
"255",2017-02-11 14:00:00,772,18542,642,462,180,134,46,1096,257,839,578,261,86992,86672
"256",2017-02-11 15:00:00,772,18543,775,533,242,165,77,1428,354,1074,753,321,93669,93287
"257",2017-02-11 16:00:00,772,18544,886,616,270,182,88,1580,397,1183,848,335,96516,96082
"258",2017-02-11 17:00:00,772,18545,1042,692,350,236,114,1781,431,1350,963,387,95259,94829
"259",2017-02-11 18:00:00,772,18546,1137,779,358,227,131,1898,487,1411,1000,411,91613,91229
"260",2017-02-11 19:00:00,772,18547,1104,742,362,229,133,1885,515,1370,1006,364,88450,88070
"261",2017-02-11 20:00:00,772,18548,1099,736,363,234,129,1995,523,1472,1082,390,84734,84318
"262",2017-02-11 21:00:00,772,18549,1083,693,390,265,125,2181,482,1699,1240,459,79204,78851
"263",2017-02-11 22:00:00,772,18550,1193,712,481,327,154,2339,419,1920,1390,530,73704,73413
"264",2017-02-11 23:00:00,772,18551,931,569,362,236,126,2161,346,1815,1315,500,68030,67723
"265",2017-02-12 00:00:00,773,18552,1040,606,434,311,123,2175,354,1821,1344,477,65663,65378
"266",2017-02-12 01:00:00,773,18553,1002,568,434,296,138,2017,320,1697,1246,451,64283,63988
"267",2017-02-12 02:00:00,773,18554,918,561,357,256,101,1634,262,1372,1001,371,63520,63196
"268",2017-02-12 03:00:00,773,18555,863,509,354,245,109,1347,193,1154,846,308,65276,64985
"269",2017-02-12 04:00:00,773,18556,832,500,332,243,89,938,154,784,579,205,66062,65790
"270",2017-02-12 05:00:00,773,18557,733,438,295,215,80,606,113,493,372,121,62020,61780
"271",2017-02-12 06:00:00,773,18558,547,312,235,149,86,381,76,305,227,78,58776,58512
"272",2017-02-12 07:00:00,773,18559,441,263,178,113,65,279,63,216,165,51,54581,54360
"273",2017-02-12 08:00:00,773,18560,327,210,117,80,37,152,48,104,76,28,52975,52750
"274",2017-02-12 09:00:00,773,18561,299,222,77,49,28,75,22,53,39,14,52519,52295
"275",2017-02-12 10:00:00,773,18562,253,190,63,34,29,65,27,38,29,9,53347,53146
"276",2017-02-12 11:00:00,773,18563,263,188,75,42,33,79,30,49,33,16,56259,56020
"277",2017-02-12 12:00:00,773,18564,297,196,101,62,39,230,63,167,115,52,63789,63556
"278",2017-02-12 13:00:00,773,18565,418,283,135,91,44,446,98,348,243,105,71265,70970
"279",2017-02-12 14:00:00,773,18566,617,413,204,140,64,866,154,712,501,211,79703,79412
"280",2017-02-12 15:00:00,773,18567,739,519,220,156,64,1380,238,1142,820,322,86927,86556
"281",2017-02-12 16:00:00,773,18568,913,611,302,193,109,1729,314,1415,1034,381,91987,91578
"282",2017-02-12 17:00:00,773,18569,1023,711,312,196,116,2016,363,1653,1191,462,92627,92194
"283",2017-02-12 18:00:00,773,18570,1128,754,374,245,129,2180,395,1785,1282,503,91547,91127
"284",2017-02-12 19:00:00,773,18571,1184,774,410,285,125,2430,442,1988,1439,549,90964,90516
"285",2017-02-12 20:00:00,773,18572,1159,764,395,281,114,2213,437,1776,1275,501,89228,88810
"286",2017-02-12 21:00:00,773,18573,1198,770,428,278,150,2196,411,1785,1324,461,85252,84847
"287",2017-02-12 22:00:00,773,18574,1169,770,399,273,126,2378,425,1953,1428,525,81289,80957
"288",2017-02-12 23:00:00,773,18575,1160,767,393,253,140,2244,373,1871,1381,490,78008,77698
"289",2017-02-13 00:00:00,774,18576,1054,663,391,246,145,2064,328,1736,1290,446,84193,83842
"290",2017-02-13 01:00:00,774,18577,1170,688,482,334,148,1736,300,1436,1052,384,89146,88815
"291",2017-02-13 02:00:00,774,18578,958,624,334,231,103,1252,253,999,745,254,84103,83739
"292",2017-02-13 03:00:00,774,18579,859,549,310,221,89,857,166,691,503,188,83781,83447
"293",2017-02-13 04:00:00,774,18580,719,450,269,175,94,607,125,482,356,126,82012,81673
"294",2017-02-13 05:00:00,774,18581,673,439,234,172,62,377,74,303,233,70,79573,79278
"295",2017-02-13 06:00:00,774,18582,479,331,148,103,45,236,67,169,125,44,82287,81959
"296",2017-02-13 07:00:00,774,18583,342,227,115,71,44,141,51,90,67,23,82973,82599
"297",2017-02-13 08:00:00,774,18584,317,232,85,50,35,82,28,54,40,14,83065,82718
"298",2017-02-13 09:00:00,774,18585,291,227,64,47,17,60,27,33,23,10,85341,84955
"299",2017-02-13 10:00:00,774,18586,277,222,55,33,22,57,23,34,23,11,87424,87038
"300",2017-02-13 11:00:00,774,18587,291,250,41,29,12,94,28,66,44,22,102814,102472
"301",2017-02-13 12:00:00,774,18588,337,267,70,45,25,229,76,153,102,51,161512,161111
"302",2017-02-13 13:00:00,774,18589,512,416,96,52,44,694,194,500,333,167,243288,242750
"303",2017-02-13 14:00:00,774,18590,739,614,125,71,54,1225,403,822,553,269,268919,268254
"304",2017-02-13 15:00:00,774,18591,868,687,181,95,86,1525,514,1011,692,319,250719,249957
"305",2017-02-13 16:00:00,774,18592,1037,841,196,116,80,1958,625,1333,896,437,232973,232208
"306",2017-02-13 17:00:00,774,18593,1112,932,180,104,76,2022,669,1353,927,426,203770,203074
"307",2017-02-13 18:00:00,774,18594,1045,785,260,158,102,1965,667,1298,906,392,191004,190329
"308",2017-02-13 19:00:00,774,18595,1070,838,232,159,73,2063,684,1379,955,424,185525,184817
"309",2017-02-13 20:00:00,774,18596,1190,892,298,190,108,2297,695,1602,1143,459,172161,171469
"310",2017-02-13 21:00:00,774,18597,1179,869,310,207,103,2647,749,1898,1371,527,155203,154606
"311",2017-02-13 22:00:00,774,18598,1228,858,370,223,147,2687,640,2047,1483,564,127990,127523
"312",2017-02-13 23:00:00,774,18599,1095,722,373,254,119,2567,541,2026,1493,533,104590,104185
"313",2017-02-14 00:00:00,775,18600,1180,814,366,245,121,2448,508,1940,1416,524,97248,96867
"314",2017-02-14 01:00:00,775,18601,1104,710,394,261,133,2003,407,1596,1145,451,95831,95438
"315",2017-02-14 02:00:00,775,18602,959,638,321,192,129,1546,311,1235,874,361,90367,90009
"316",2017-02-14 03:00:00,775,18603,933,644,289,190,99,1161,248,913,660,253,84762,84398
"317",2017-02-14 04:00:00,775,18604,715,475,240,137,103,818,170,648,474,174,78622,78304
"318",2017-02-14 05:00:00,775,18605,688,465,223,151,72,648,113,535,384,151,74616,74310
"319",2017-02-14 06:00:00,775,18606,505,330,175,103,72,370,71,299,209,90,77007,76651
"320",2017-02-14 07:00:00,775,18607,385,242,143,103,40,200,65,135,96,39,77411,77084
"321",2017-02-14 08:00:00,775,18608,336,236,100,55,45,138,61,77,57,20,78869,78511
"322",2017-02-14 09:00:00,775,18609,318,242,76,45,31,113,38,75,57,18,80730,80333
"323",2017-02-14 10:00:00,775,18610,270,207,63,35,28,85,39,46,34,12,81296,80917
"324",2017-02-14 11:00:00,775,18611,306,253,53,33,20,111,26,85,59,26,86993,86615
"325",2017-02-14 12:00:00,775,18612,316,253,63,41,22,248,73,175,115,60,115828,115422
"326",2017-02-14 13:00:00,775,18613,512,404,108,75,33,666,198,468,313,155,162948,162449
"327",2017-02-14 14:00:00,775,18614,658,534,124,69,55,1096,328,768,519,249,192908,192260
"328",2017-02-14 15:00:00,775,18615,826,689,137,80,57,1273,468,805,563,242,195656,194892
"329",2017-02-14 16:00:00,775,18616,832,677,155,86,69,1523,557,966,658,308,190581,189870
"330",2017-02-14 17:00:00,775,18617,1003,783,220,135,85,1622,570,1052,747,305,171968,171277
"331",2017-02-14 18:00:00,775,18618,933,740,193,121,72,1672,661,1011,710,301,165631,164983
"332",2017-02-14 19:00:00,775,18619,1027,805,222,147,75,1813,654,1159,803,356,163873,163226
"333",2017-02-14 20:00:00,775,18620,1058,797,261,159,102,1996,643,1353,936,417,153368,152763
"334",2017-02-14 21:00:00,775,18621,1295,800,495,367,128,3436,581,2855,2238,617,139480,138867
"335",2017-02-14 22:00:00,775,18622,1198,743,455,318,137,2904,558,2346,1806,540,115026,114567
"336",2017-02-14 23:00:00,775,18623,1211,719,492,342,150,2156,457,1699,1297,402,94337,93948
"337",2017-02-15 00:00:00,776,18624,1148,738,410,305,105,1790,395,1395,1051,344,86504,86193
"338",2017-02-15 01:00:00,776,18625,1091,700,391,250,141,1782,372,1410,1012,398,82699,82349
"339",2017-02-15 02:00:00,776,18626,1165,796,369,250,119,1840,279,1561,1118,443,79426,79083
"340",2017-02-15 03:00:00,776,18627,1035,692,343,226,117,1509,212,1297,914,383,77673,77368
"341",2017-02-15 04:00:00,776,18628,871,599,272,175,97,863,185,678,506,172,75082,74768
"342",2017-02-15 05:00:00,776,18629,672,455,217,139,78,557,107,450,327,123,72092,71811
"343",2017-02-15 06:00:00,776,18630,472,320,152,99,53,314,84,230,169,61,73583,73230
"344",2017-02-15 07:00:00,776,18631,361,261,100,59,41,178,57,121,83,38,75277,74934
"345",2017-02-15 08:00:00,776,18632,333,256,77,47,30,121,41,80,59,21,77224,76861
"346",2017-02-15 09:00:00,776,18633,310,236,74,41,33,85,28,57,42,15,79188,78846
"347",2017-02-15 10:00:00,776,18634,304,237,67,37,30,73,23,50,34,16,79351,78999
"348",2017-02-15 11:00:00,776,18635,304,244,60,29,31,96,27,69,50,19,83832,83447
"349",2017-02-15 12:00:00,776,18636,326,250,76,45,31,292,81,211,145,66,105462,105033
"350",2017-02-15 13:00:00,776,18637,541,424,117,68,49,668,210,458,310,148,142283,141728
"351",2017-02-15 14:00:00,776,18638,721,563,158,95,63,1182,353,829,562,267,171160,170503
"352",2017-02-15 15:00:00,776,18639,843,689,154,100,54,1377,483,894,606,288,180484,179730
"353",2017-02-15 16:00:00,776,18640,944,733,211,131,80,1670,570,1100,743,357,180528,179798
"354",2017-02-15 17:00:00,776,18641,1011,808,203,138,65,1741,561,1180,824,356,166364,165664
"355",2017-02-15 18:00:00,776,18642,1034,828,206,140,66,2128,667,1461,1035,426,162428,161778
"356",2017-02-15 19:00:00,776,18643,1040,802,238,168,70,2279,661,1618,1117,501,161359,160715
"357",2017-02-15 20:00:00,776,18644,1149,842,307,193,114,2461,688,1773,1234,539,152730,152079
"358",2017-02-15 21:00:00,776,18645,1159,834,325,216,109,2714,673,2041,1436,605,140014,139439
"359",2017-02-15 22:00:00,776,18646,1221,860,361,226,135,2810,659,2151,1542,609,118632,118159
"360",2017-02-15 23:00:00,776,18647,1154,828,326,195,131,2749,607,2142,1558,584,100538,100146
"361",2017-02-16 00:00:00,777,18648,1099,717,382,241,141,2446,494,1952,1407,545,95263,94852
"362",2017-02-16 01:00:00,777,18649,997,625,372,251,121,2062,390,1672,1187,485,92905,92507
"363",2017-02-16 02:00:00,777,18650,999,647,352,221,131,1630,360,1270,940,330,88780,88406
"364",2017-02-16 03:00:00,777,18651,834,558,276,163,113,1230,272,958,679,279,85565,85232
"365",2017-02-16 04:00:00,777,18652,647,436,211,140,71,764,187,577,408,169,80901,80609
"366",2017-02-16 05:00:00,777,18653,528,353,175,107,68,430,101,329,249,80,77138,76829
"367",2017-02-16 06:00:00,777,18654,415,281,134,92,42,230,89,141,106,35,79709,79388
"368",2017-02-16 07:00:00,777,18655,308,239,69,47,22,161,58,103,72,31,84213,83800
"369",2017-02-16 08:00:00,777,18656,315,227,88,58,30,102,43,59,41,18,82792,82415
"370",2017-02-16 09:00:00,777,18657,291,226,65,36,29,72,23,49,34,15,84554,84195
"371",2017-02-16 10:00:00,777,18658,241,204,37,26,11,62,30,32,21,11,84215,83819
"372",2017-02-16 11:00:00,777,18659,277,217,60,39,21,151,56,95,61,34,90932,90569
"373",2017-02-16 12:00:00,777,18660,345,288,57,42,15,336,102,234,160,74,122913,122516
"374",2017-02-16 13:00:00,777,18661,536,436,100,60,40,648,195,453,301,152,178972,178500
"375",2017-02-16 14:00:00,777,18662,669,551,118,78,40,1171,351,820,533,287,214185,213561
"376",2017-02-16 15:00:00,777,18663,776,618,158,95,63,1289,482,807,567,240,215499,214802
"377",2017-02-16 16:00:00,777,18664,877,695,182,104,78,1602,564,1038,719,319,209582,208881
"378",2017-02-16 17:00:00,777,18665,927,701,226,146,80,1749,609,1140,803,337,188986,188308
"379",2017-02-16 18:00:00,777,18666,984,749,235,157,78,1892,618,1274,907,367,180671,180029
"380",2017-02-16 19:00:00,777,18667,979,740,239,150,89,2029,676,1353,946,407,178904,178222
"381",2017-02-16 20:00:00,777,18668,1015,745,270,154,116,2161,650,1511,1066,445,167299,166680
"382",2017-02-16 21:00:00,777,18669,960,665,295,196,99,2425,608,1817,1314,503,152880,152302
"383",2017-02-16 22:00:00,777,18670,1023,661,362,227,135,2300,528,1772,1301,471,125625,125157
"384",2017-02-16 23:00:00,777,18671,1051,700,351,243,108,2302,444,1858,1360,498,101937,101559
"385",2017-02-17 00:00:00,778,18672,1087,722,365,272,93,2124,446,1678,1205,473,95127,94744
"386",2017-02-17 01:00:00,778,18673,1052,659,393,256,137,1782,386,1396,1033,363,91783,91446
"387",2017-02-17 02:00:00,778,18674,983,603,380,259,121,1496,267,1229,890,339,85335,84982
"388",2017-02-17 03:00:00,778,18675,887,568,319,211,108,1120,196,924,652,272,81066,80739
"389",2017-02-17 04:00:00,778,18676,707,474,233,155,78,834,192,642,473,169,74695,74372
"390",2017-02-17 05:00:00,778,18677,655,407,248,159,89,544,130,414,319,95,69357,69092
"391",2017-02-17 06:00:00,778,18678,439,302,137,81,56,301,92,209,145,64,70452,70168
"392",2017-02-17 07:00:00,778,18679,335,235,100,70,30,173,53,120,87,33,72779,72505
"393",2017-02-17 08:00:00,778,18680,346,249,97,63,34,129,54,75,54,21,73513,73182
"394",2017-02-17 09:00:00,778,18681,279,220,59,32,27,77,39,38,25,13,75191,74847
"395",2017-02-17 10:00:00,778,18682,271,213,58,31,27,81,44,37,28,9,74981,74620
"396",2017-02-17 11:00:00,778,18683,295,231,64,40,24,148,43,105,70,35,82576,82235
"397",2017-02-17 12:00:00,778,18684,317,252,65,43,22,294,83,211,138,73,114538,114172
"398",2017-02-17 13:00:00,778,18685,452,366,86,58,28,680,196,484,327,157,164145,163704
"399",2017-02-17 14:00:00,778,18686,649,540,109,67,42,1179,320,859,581,278,187752,187176
"400",2017-02-17 15:00:00,778,18687,738,607,131,86,45,1431,452,979,676,303,187877,187262
"401",2017-02-17 16:00:00,778,18688,826,599,227,143,84,1661,544,1117,764,353,183140,182487
"402",2017-02-17 17:00:00,778,18689,883,675,208,145,63,1649,519,1130,808,322,163743,163099
"403",2017-02-17 18:00:00,778,18690,916,665,251,156,95,1893,633,1260,897,363,154852,154274
"404",2017-02-17 19:00:00,778,18691,920,671,249,149,100,2022,610,1412,992,420,151276,150739
"405",2017-02-17 20:00:00,778,18692,971,697,274,187,87,2098,584,1514,1077,437,140670,140132
"406",2017-02-17 21:00:00,778,18693,945,654,291,178,113,2255,586,1669,1207,462,125595,125134
"407",2017-02-17 22:00:00,778,18694,958,611,347,229,118,2449,580,1869,1356,513,103142,102701
"408",2017-02-17 23:00:00,778,18695,894,555,339,228,111,2244,439,1805,1312,493,83933,83621
"409",2017-02-18 00:00:00,779,18696,901,570,331,210,121,1940,367,1573,1163,410,75811,75503
"410",2017-02-18 01:00:00,779,18697,951,579,372,241,131,1871,325,1546,1127,419,70605,70287
"411",2017-02-18 02:00:00,779,18698,843,529,314,215,99,1679,273,1406,1019,387,67476,67175
"412",2017-02-18 03:00:00,779,18699,827,529,298,207,91,1317,229,1088,794,294,66432,66138
"413",2017-02-18 04:00:00,779,18700,717,454,263,172,91,918,145,773,583,190,63950,63692
"414",2017-02-18 05:00:00,779,18701,656,397,259,172,87,684,134,550,419,131,60269,60017
"415",2017-02-18 06:00:00,779,18702,504,304,200,127,73,353,78,275,205,70,56084,55858
"416",2017-02-18 07:00:00,779,18703,356,231,125,79,46,196,52,144,106,38,53664,53409
"417",2017-02-18 08:00:00,779,18704,274,186,88,56,32,148,45,103,76,27,52562,52354
"418",2017-02-18 09:00:00,779,18705,285,205,80,51,29,95,42,53,37,16,52231,52022
"419",2017-02-18 10:00:00,779,18706,260,200,60,37,23,70,35,35,25,10,52401,52203
"420",2017-02-18 11:00:00,779,18707,263,202,61,40,21,101,41,60,42,18,55246,54989
"421",2017-02-18 12:00:00,779,18708,277,213,64,47,17,236,74,162,118,44,63872,63643
"422",2017-02-18 13:00:00,779,18709,414,308,106,68,38,538,140,398,280,118,74885,74630
"423",2017-02-18 14:00:00,779,18710,540,380,160,129,31,1160,254,906,643,263,83782,83441
"424",2017-02-18 15:00:00,779,18711,755,539,216,138,78,1684,348,1336,960,376,89756,89393
"425",2017-02-18 16:00:00,779,18712,826,565,261,167,94,1728,396,1332,969,363,91724,91330
"426",2017-02-18 17:00:00,779,18713,895,570,325,211,114,1957,406,1551,1114,437,91020,90597
"427",2017-02-18 18:00:00,779,18714,1009,637,372,247,125,1940,457,1483,1088,395,87513,87086
"428",2017-02-18 19:00:00,779,18715,1048,712,336,216,120,2069,467,1602,1152,450,83581,83230
"429",2017-02-18 20:00:00,779,18716,973,614,359,238,121,2039,457,1582,1124,458,80092,79723
"430",2017-02-18 21:00:00,779,18717,990,642,348,244,104,2047,459,1588,1157,431,75595,75260
"431",2017-02-18 22:00:00,779,18718,1063,624,439,291,148,1934,373,1561,1151,410,70263,69959
"432",2017-02-18 23:00:00,779,18719,1010,577,433,295,138,1860,372,1488,1103,385,65523,65205
"433",2017-02-19 00:00:00,780,18720,981,565,416,285,131,1829,330,1499,1091,408,63923,63634
"434",2017-02-19 01:00:00,780,18721,991,586,405,282,123,1690,302,1388,1027,361,62140,61847
"435",2017-02-19 02:00:00,780,18722,934,589,345,245,100,1290,250,1040,788,252,62003,61740
"436",2017-02-19 03:00:00,780,18723,846,540,306,229,77,969,167,802,587,215,63951,63686
"437",2017-02-19 04:00:00,780,18724,800,502,298,210,88,857,154,703,526,177,64346,64107
"438",2017-02-19 05:00:00,780,18725,759,480,279,175,104,488,105,383,288,95,60961,60716
"439",2017-02-19 06:00:00,780,18726,560,352,208,131,77,320,74,246,186,60,57534,57302
"440",2017-02-19 07:00:00,780,18727,419,276,143,95,48,190,44,146,111,35,54010,53759
"441",2017-02-19 08:00:00,780,18728,319,232,87,53,34,128,43,85,66,19,52411,52202
"442",2017-02-19 09:00:00,780,18729,267,191,76,49,27,72,35,37,25,12,51571,51354
"443",2017-02-19 10:00:00,780,18730,245,185,60,35,25,93,51,42,31,11,52226,52008
"444",2017-02-19 11:00:00,780,18731,248,170,78,52,26,95,33,62,44,18,55210,54994
"445",2017-02-19 12:00:00,780,18732,299,222,77,48,29,156,57,99,66,33,62070,61813
"446",2017-02-19 13:00:00,780,18733,342,252,90,60,30,421,106,315,222,93,70273,70000
"447",2017-02-19 14:00:00,780,18734,642,423,219,156,63,863,177,686,496,190,76919,76600
"448",2017-02-19 15:00:00,780,18735,731,498,233,156,77,1332,250,1082,760,322,82521,82184
"449",2017-02-19 16:00:00,780,18736,797,527,270,176,94,1360,276,1084,788,296,86310,85920
"450",2017-02-19 17:00:00,780,18737,899,612,287,183,104,1566,339,1227,898,329,85893,85530
"451",2017-02-19 18:00:00,780,18738,918,591,327,212,115,1701,367,1334,986,348,82921,82562
"452",2017-02-19 19:00:00,780,18739,974,630,344,225,119,1722,375,1347,994,353,82300,81916
"453",2017-02-19 20:00:00,780,18740,964,628,336,214,122,1820,391,1429,1030,399,80282,79911
"454",2017-02-19 21:00:00,780,18741,934,603,331,208,123,1767,385,1382,1024,358,78224,77898
"455",2017-02-19 22:00:00,780,18742,937,630,307,186,121,1752,369,1383,1028,355,74752,74431
"456",2017-02-19 23:00:00,780,18743,972,624,348,226,122,1922,344,1578,1186,392,72379,72049
"457",2017-02-20 00:00:00,781,18744,893,566,327,213,114,1699,302,1397,1026,371,80457,80120
"458",2017-02-20 01:00:00,781,18745,1044,658,386,270,116,1372,236,1136,847,289,87509,87153
"459",2017-02-20 02:00:00,781,18746,1003,636,367,248,119,1170,242,928,693,235,84162,83823
"460",2017-02-20 03:00:00,781,18747,880,551,329,237,92,930,173,757,563,194,83719,83391
"461",2017-02-20 04:00:00,781,18748,812,512,300,220,80,662,140,522,385,137,82374,82057
"462",2017-02-20 05:00:00,781,18749,656,421,235,170,65,479,106,373,277,96,79268,78976
"463",2017-02-20 06:00:00,781,18750,494,330,164,95,69,297,83,214,151,63,82093,81780
"464",2017-02-20 07:00:00,781,18751,437,289,148,98,50,191,46,145,105,40,83538,83203
"465",2017-02-20 08:00:00,781,18752,325,247,78,58,20,108,31,77,54,23,84051,83705
"466",2017-02-20 09:00:00,781,18753,282,221,61,44,17,92,35,57,43,14,86954,86570
"467",2017-02-20 10:00:00,781,18754,247,201,46,34,12,73,25,48,33,15,84706,84340
"468",2017-02-20 11:00:00,781,18755,272,237,35,23,12,120,39,81,54,27,96830,96481
"469",2017-02-20 12:00:00,781,18756,337,266,71,40,31,262,96,166,117,49,142361,141968
"470",2017-02-20 13:00:00,781,18757,512,386,126,81,45,742,209,533,364,169,198250,197756
"471",2017-02-20 14:00:00,781,18758,727,570,157,100,57,1392,314,1078,748,330,206137,205572
"472",2017-02-20 15:00:00,781,18759,866,641,225,161,64,1919,462,1457,990,467,190780,190175
"473",2017-02-20 16:00:00,781,18760,904,650,254,196,58,2250,570,1680,1189,491,177648,177051
"474",2017-02-20 17:00:00,781,18761,1050,743,307,219,88,2583,625,1958,1392,566,158640,158031
"475",2017-02-20 18:00:00,781,18762,1070,753,317,236,81,2749,683,2066,1463,603,150336,149723
"476",2017-02-20 19:00:00,781,18763,1181,822,359,267,92,2881,705,2176,1589,587,147868,147284
"477",2017-02-20 20:00:00,781,18764,1108,779,329,247,82,2839,669,2170,1579,591,140785,140236
"478",2017-02-20 21:00:00,781,18765,1174,771,403,296,107,3105,722,2383,1747,636,129572,129039
"479",2017-02-20 22:00:00,781,18766,1212,789,423,301,122,3054,605,2449,1824,625,112145,111726
"480",2017-02-20 23:00:00,781,18767,1105,684,421,296,125,2879,553,2326,1717,609,95331,94923
"481",2017-02-21 00:00:00,782,18768,1126,704,422,301,121,2503,407,2096,1539,557,92165,91763
"482",2017-02-21 01:00:00,782,18769,1100,678,422,305,117,2155,425,1730,1265,465,92284,91892
"483",2017-02-21 02:00:00,782,18770,1143,703,440,328,112,1758,319,1439,1042,397,87589,87192
"484",2017-02-21 03:00:00,782,18771,931,572,359,272,87,1195,213,982,720,262,83169,82836
"485",2017-02-21 04:00:00,782,18772,823,489,334,216,118,795,151,644,479,165,78588,78252
"486",2017-02-21 05:00:00,782,18773,672,416,256,166,90,528,112,416,302,114,75082,74781
"487",2017-02-21 06:00:00,782,18774,521,344,177,109,68,346,90,256,192,64,77615,77299
"488",2017-02-21 07:00:00,782,18775,411,289,122,65,57,188,62,126,95,31,79103,78753
"489",2017-02-21 08:00:00,782,18776,340,254,86,58,28,111,37,74,51,23,80151,79786
"490",2017-02-21 09:00:00,782,18777,315,235,80,44,36,82,30,52,41,11,82006,81620
"491",2017-02-21 10:00:00,782,18778,315,233,82,46,36,87,43,44,30,14,81636,81278
"492",2017-02-21 11:00:00,782,18779,298,240,58,37,21,114,48,66,48,18,92018,91660
"493",2017-02-21 12:00:00,782,18780,301,223,78,55,23,286,100,186,130,56,131917,131546
"494",2017-02-21 13:00:00,782,18781,496,407,89,58,31,606,176,430,285,145,195134,194642
"495",2017-02-21 14:00:00,782,18782,691,541,150,103,47,1180,300,880,617,263,224417,223784
"496",2017-02-21 15:00:00,782,18783,821,641,180,127,53,1596,429,1167,814,353,219214,218482
"497",2017-02-21 16:00:00,782,18784,899,680,219,134,85,1653,521,1132,779,353,208959,208236
"498",2017-02-21 17:00:00,782,18785,894,686,208,134,74,1784,571,1213,856,357,185143,184495
"499",2017-02-21 18:00:00,782,18786,983,749,234,149,85,1958,620,1338,942,396,175689,175028
"500",2017-02-21 19:00:00,782,18787,996,741,255,146,109,2020,640,1380,980,400,170214,169604
"501",2017-02-21 20:00:00,782,18788,995,720,275,179,96,2183,662,1521,1109,412,159210,158621
"502",2017-02-21 21:00:00,782,18789,1106,768,338,221,117,2478,635,1843,1324,519,144170,143617
"503",2017-02-21 22:00:00,782,18790,1110,764,346,207,139,2541,553,1988,1442,546,120175,119693
"504",2017-02-21 23:00:00,782,18791,1162,758,404,245,159,2553,511,2042,1473,569,100464,100072
"505",2017-02-22 00:00:00,783,18792,1189,770,419,276,143,2265,434,1831,1312,519,94191,93847
"506",2017-02-22 01:00:00,783,18793,1106,675,431,260,171,1941,335,1606,1189,417,90827,90457
"507",2017-02-22 02:00:00,783,18794,999,651,348,250,98,1655,288,1367,1002,365,87798,87396
"508",2017-02-22 03:00:00,783,18795,908,580,328,197,131,1373,243,1130,811,319,84849,84535
"509",2017-02-22 04:00:00,783,18796,762,504,258,163,95,914,187,727,526,201,80887,80555
"510",2017-02-22 05:00:00,783,18797,672,441,231,148,83,504,117,387,280,107,75688,75373
"511",2017-02-22 06:00:00,783,18798,503,330,173,116,57,305,64,241,174,67,77702,77374
"512",2017-02-22 07:00:00,783,18799,334,247,87,62,25,200,52,148,100,48,79403,79042
"513",2017-02-22 08:00:00,783,18800,353,281,72,43,29,106,34,72,48,24,81567,81207
"514",2017-02-22 09:00:00,783,18801,300,226,74,44,30,99,35,64,48,16,83843,83481
"515",2017-02-22 10:00:00,783,18802,308,251,57,32,25,86,44,42,28,14,82010,81621
"516",2017-02-22 11:00:00,783,18803,309,249,60,31,29,112,43,69,48,21,86333,85972
"517",2017-02-22 12:00:00,783,18804,397,314,83,52,31,79,1,78,50,28,108480,108056
"518",2017-02-22 13:00:00,783,18805,511,387,124,81,43,270,20,250,175,75,145705,145202
"519",2017-02-22 14:00:00,783,18806,695,550,145,85,60,1094,325,769,525,244,175064,174398
"520",2017-02-22 15:00:00,783,18807,748,580,168,107,61,1474,477,997,697,300,184689,183985
"521",2017-02-22 16:00:00,783,18808,846,665,181,108,73,1646,569,1077,753,324,181795,181032
"522",2017-02-22 17:00:00,783,18809,916,690,226,143,83,1855,592,1263,865,398,168423,167781
"523",2017-02-22 18:00:00,783,18810,996,775,221,130,91,1926,643,1283,889,394,161950,161343
"524",2017-02-22 19:00:00,783,18811,898,701,197,128,69,2059,660,1399,995,404,160665,159960
"525",2017-02-22 20:00:00,783,18812,981,715,266,168,98,2251,649,1602,1136,466,151975,151377
"526",2017-02-22 21:00:00,783,18813,987,707,280,179,101,2444,667,1777,1250,527,138443,137862
"527",2017-02-22 22:00:00,783,18814,1077,751,326,213,113,2508,577,1931,1382,549,119836,119397
"528",2017-02-22 23:00:00,783,18815,1034,679,355,247,108,2657,530,2127,1526,601,101693,101283
"529",2017-02-23 00:00:00,784,18816,1075,668,407,282,125,2165,435,1730,1220,510,97678,97299
"530",2017-02-23 01:00:00,784,18817,1018,622,396,253,143,1910,410,1500,1075,425,96474,96122
"531",2017-02-23 02:00:00,784,18818,1063,683,380,249,131,1612,343,1269,931,338,92685,92311
"532",2017-02-23 03:00:00,784,18819,886,573,313,197,116,1240,245,995,721,274,89053,88732
"533",2017-02-23 04:00:00,784,18820,793,546,247,149,98,919,169,750,549,201,84706,84387
"534",2017-02-23 05:00:00,784,18821,608,412,196,134,62,519,127,392,282,110,79861,79550
"535",2017-02-23 06:00:00,784,18822,469,324,145,97,48,298,94,204,147,57,81377,81043
"536",2017-02-23 07:00:00,784,18823,328,250,78,44,34,185,46,139,102,37,82871,82547
"537",2017-02-23 08:00:00,784,18824,277,208,69,43,26,115,42,73,53,20,83854,83484
"538",2017-02-23 09:00:00,784,18825,305,251,54,29,25,97,45,52,34,18,84055,83667
"539",2017-02-23 10:00:00,784,18826,278,230,48,34,14,88,37,51,36,15,82868,82510
"540",2017-02-23 11:00:00,784,18827,256,194,62,32,30,130,36,94,69,25,89613,89270
"541",2017-02-23 12:00:00,784,18828,329,266,63,39,24,283,87,196,130,66,121817,121419
"542",2017-02-23 13:00:00,784,18829,457,355,102,67,35,686,205,481,328,153,171125,170651
"543",2017-02-23 14:00:00,784,18830,672,533,139,88,51,1201,365,836,565,271,198934,198328
"544",2017-02-23 15:00:00,784,18831,787,640,147,84,63,1349,495,854,602,252,200255,199574
"545",2017-02-23 16:00:00,784,18832,884,707,177,107,70,1646,521,1125,763,362,193701,192977
"546",2017-02-23 17:00:00,784,18833,946,720,226,152,74,1718,590,1128,785,343,175612,174937
"547",2017-02-23 18:00:00,784,18834,921,720,201,134,67,1818,621,1197,840,357,169606,168988
"548",2017-02-23 19:00:00,784,18835,952,735,217,133,84,1984,708,1276,884,392,169794,169098
"549",2017-02-23 20:00:00,784,18836,976,728,248,148,100,2204,642,1562,1125,437,158681,158078
"550",2017-02-23 21:00:00,784,18837,1014,749,265,162,103,2311,604,1707,1210,497,145296,144724
"551",2017-02-23 22:00:00,784,18838,1013,723,290,178,112,2392,536,1856,1309,547,122564,122093
"552",2017-02-23 23:00:00,784,18839,1024,683,341,235,106,2409,474,1935,1420,515,101685,101280
"553",2017-02-24 00:00:00,785,18840,1048,644,404,268,136,2030,444,1586,1135,451,96054,95702
"554",2017-02-24 01:00:00,785,18841,1095,653,442,279,163,2002,388,1614,1186,428,94323,93973
"555",2017-02-24 02:00:00,785,18842,956,582,374,256,118,1546,286,1260,896,364,88387,88028
"556",2017-02-24 03:00:00,785,18843,827,526,301,198,103,1250,215,1035,739,296,82280,81962
"557",2017-02-24 04:00:00,785,18844,707,468,239,159,80,873,154,719,505,214,75917,75592
"558",2017-02-24 05:00:00,785,18845,618,394,224,157,67,627,134,493,373,120,69899,69593
"559",2017-02-24 06:00:00,785,18846,475,344,131,90,41,189,13,176,127,49,71816,71488
"560",2017-02-24 08:00:00,785,18848,293,225,68,40,28,18,18,0,0,0,74125,73771
"561",2017-02-24 09:00:00,785,18849,280,226,54,34,20,15,15,0,0,0,73667,73319
"562",2017-02-24 10:00:00,785,18850,203,173,30,22,8,12,12,0,0,0,73792,73468
"563",2017-02-24 11:00:00,785,18851,266,235,31,16,15,13,13,0,0,0,82586,82282
"564",2017-02-24 12:00:00,785,18852,302,248,54,36,18,21,21,0,0,0,114686,114345
"565",2017-02-24 13:00:00,785,18853,478,402,76,53,23,23,21,2,1,1,165638,165216
"566",2017-02-24 14:00:00,785,18854,626,490,136,87,49,32,30,2,1,1,192839,192271
"567",2017-02-24 15:00:00,785,18855,780,602,178,94,84,43,42,1,1,0,192001,191376
"568",2017-02-24 16:00:00,785,18856,899,693,206,112,94,49,49,0,0,0,187986,187332
"569",2017-02-24 17:00:00,785,18857,885,672,213,138,75,46,46,0,0,0,167144,166516
"570",2017-02-24 18:00:00,785,18858,905,660,245,156,89,33,29,4,3,1,162196,161611
"571",2017-02-24 19:00:00,785,18859,944,686,258,158,100,35,34,1,1,0,162865,161901
"572",2017-02-24 20:00:00,785,18860,972,689,283,169,114,43,43,0,0,0,151925,150989
"573",2017-02-24 21:00:00,785,18861,1010,737,273,170,103,36,31,5,3,2,134954,134114
"574",2017-02-24 22:00:00,785,18862,988,670,318,188,130,39,36,3,3,0,111326,110665
"575",2017-02-24 23:00:00,785,18863,1009,636,373,226,147,31,30,1,1,0,91729,91204
"576",2017-02-25 00:00:00,786,18864,1035,609,426,290,136,2258,389,1869,1348,521,81809,81319
"577",2017-02-25 01:00:00,786,18865,1052,589,463,309,154,1978,301,1677,1195,482,76317,75857
"578",2017-02-25 02:00:00,786,18866,879,540,339,230,109,1760,272,1488,1068,420,73064,72609
"579",2017-02-25 03:00:00,786,18867,797,497,300,193,107,1432,215,1217,865,352,71128,70697
"580",2017-02-25 04:00:00,786,18868,782,487,295,201,94,976,177,799,594,205,69058,68651
"581",2017-02-25 05:00:00,786,18869,680,377,303,214,89,743,122,621,463,158,63351,62939
"582",2017-02-25 06:00:00,786,18870,450,268,182,127,55,451,79,372,275,97,59460,59113
"583",2017-02-25 07:00:00,786,18871,379,263,116,67,49,235,53,182,129,53,57631,57287
"584",2017-02-25 08:00:00,786,18872,279,198,81,51,30,160,35,125,90,35,55636,55261
"585",2017-02-25 09:00:00,786,18873,213,161,52,35,17,96,30,66,41,25,55021,54666
"586",2017-02-25 10:00:00,786,18874,260,207,53,40,13,73,28,45,35,10,55674,55359
"587",2017-02-25 11:00:00,786,18875,299,210,89,55,34,124,44,80,54,26,58827,58500
"588",2017-02-25 12:00:00,786,18876,303,238,65,43,22,241,63,178,125,53,68582,68197
"589",2017-02-25 13:00:00,786,18877,434,328,106,83,23,660,134,526,368,158,80990,80524
"590",2017-02-25 14:00:00,786,18878,634,443,191,134,57,1200,241,959,665,294,91609,91106
"591",2017-02-25 15:00:00,786,18879,757,546,211,147,64,1826,352,1474,1035,439,98769,98175
"592",2017-02-25 16:00:00,786,18880,934,638,296,211,85,2037,377,1660,1142,518,102744,102135
"593",2017-02-25 17:00:00,786,18881,1006,667,339,232,107,2047,450,1597,1133,464,99095,98493
"594",2017-02-25 18:00:00,786,18882,1010,673,337,210,127,2294,444,1850,1315,535,94455,93813
"595",2017-02-25 19:00:00,786,18883,1037,696,341,220,121,2181,486,1695,1218,477,91020,90472
"596",2017-02-25 20:00:00,786,18884,947,622,325,220,105,2307,443,1864,1319,545,88298,87728
"597",2017-02-25 21:00:00,786,18885,1063,692,371,266,105,2272,484,1788,1272,516,83109,82552
"598",2017-02-25 22:00:00,786,18886,1031,629,402,304,98,2182,445,1737,1245,492,77073,76553
"599",2017-02-25 23:00:00,786,18887,975,591,384,272,112,1934,401,1533,1126,407,72261,71845
"600",2017-02-26 00:00:00,787,18888,1019,595,424,283,141,1887,301,1586,1162,424,68628,68223
"601",2017-02-26 01:00:00,787,18889,1072,654,418,269,149,1924,313,1611,1172,439,67867,67437
"602",2017-02-26 02:00:00,787,18890,925,517,408,299,109,1820,280,1540,1098,442,67788,67400
"603",2017-02-26 03:00:00,787,18891,862,521,341,260,81,1283,208,1075,778,297,68661,68258
"604",2017-02-26 04:00:00,787,18892,784,482,302,223,79,994,178,816,610,206,68665,68307
"605",2017-02-26 05:00:00,787,18893,660,380,280,206,74,610,118,492,353,139,63646,63265
"606",2017-02-26 06:00:00,787,18894,590,360,230,128,102,473,95,378,278,100,61013,60633
"607",2017-02-26 07:00:00,787,18895,409,232,177,109,68,239,56,183,139,44,57772,57427
"608",2017-02-26 08:00:00,787,18896,302,205,97,62,35,152,34,118,83,35,56629,56330
"609",2017-02-26 09:00:00,787,18897,299,204,95,58,37,97,21,76,53,23,54327,54035
"610",2017-02-26 10:00:00,787,18898,248,175,73,48,25,77,25,52,35,17,54491,54126
"611",2017-02-26 11:00:00,787,18899,259,184,75,40,35,95,43,52,37,15,57524,57195
"612",2017-02-26 12:00:00,787,18900,346,246,100,71,29,191,63,128,85,43,65692,65312
"613",2017-02-26 13:00:00,787,18901,392,291,101,75,26,411,77,334,240,94,74494,74070
"614",2017-02-26 14:00:00,787,18902,574,402,172,117,55,950,183,767,553,214,82888,82393
"615",2017-02-26 15:00:00,787,18903,730,504,226,152,74,1498,248,1250,881,369,90116,89616
"616",2017-02-26 16:00:00,787,18904,941,636,305,207,98,1610,329,1281,914,367,94030,93469
"617",2017-02-26 17:00:00,787,18905,1010,631,379,238,141,1793,319,1474,1052,422,95422,94856
"618",2017-02-26 18:00:00,787,18906,1060,672,388,247,141,2000,375,1625,1162,463,93369,92810
"619",2017-02-26 19:00:00,787,18907,1113,700,413,268,145,1883,395,1488,1096,392,93291,92706
"620",2017-02-26 20:00:00,787,18908,1045,689,356,247,109,1935,428,1507,1087,420,90368,89804
"621",2017-02-26 21:00:00,787,18909,1041,663,378,277,101,1929,392,1537,1125,412,87324,86795
"622",2017-02-26 22:00:00,787,18910,1032,672,360,249,111,1917,371,1546,1116,430,84653,84129
"623",2017-02-26 23:00:00,787,18911,1053,666,387,252,135,1976,318,1658,1198,460,81868,81373
"624",2017-02-27 00:00:00,788,18912,1024,639,385,244,141,1812,337,1475,1053,422,88613,88059
"625",2017-02-27 01:00:00,788,18913,1085,642,443,306,137,1471,250,1221,875,346,95518,94871
"626",2017-02-27 02:00:00,788,18914,936,586,350,247,103,1118,207,911,657,254,90112,89543
"627",2017-02-27 03:00:00,788,18915,781,507,274,204,70,859,163,696,502,194,87638,87092
"628",2017-02-27 04:00:00,788,18916,699,452,247,172,75,602,119,483,346,137,85772,85186
"629",2017-02-27 05:00:00,788,18917,578,380,198,127,71,357,87,270,190,80,82733,82207
"630",2017-02-27 06:00:00,788,18918,405,289,116,67,49,205,57,148,106,42,86279,85692
"631",2017-02-27 07:00:00,788,18919,301,212,89,50,39,152,54,98,70,28,88120,87510
"632",2017-02-27 08:00:00,788,18920,288,213,75,38,37,116,45,71,49,22,87706,87094
"633",2017-02-27 09:00:00,788,18921,247,199,48,30,18,45,27,18,16,2,88097,87432
"634",2017-02-27 10:00:00,788,18922,264,225,39,25,14,54,30,24,19,5,88836,88178
"635",2017-02-27 11:00:00,788,18923,281,237,44,28,16,155,56,99,68,31,105359,104669
"636",2017-02-27 12:00:00,788,18924,333,277,56,23,33,312,92,220,147,73,162541,161752
"637",2017-02-27 13:00:00,788,18925,455,354,101,60,41,759,186,573,370,203,244547,243381
"638",2017-02-27 14:00:00,788,18926,713,590,123,70,53,1397,357,1040,688,352,272556,271035
"639",2017-02-27 15:00:00,788,18927,854,701,153,88,65,1532,478,1054,728,326,255404,253849
"640",2017-02-27 16:00:00,788,18928,897,722,175,110,65,1772,532,1240,844,396,241434,239905
"641",2017-02-27 17:00:00,788,18929,890,704,186,115,71,1884,576,1308,885,423,214431,213121
"642",2017-02-27 18:00:00,788,18930,970,736,234,128,106,2028,684,1344,918,426,202866,201647
"643",2017-02-27 19:00:00,788,18931,1001,781,220,120,100,2152,700,1452,1005,447,197692,196371
"644",2017-02-27 20:00:00,788,18932,1079,791,288,172,116,2441,650,1791,1234,557,185449,184243
"645",2017-02-27 21:00:00,788,18933,1058,756,302,177,125,2501,679,1822,1297,525,168113,167086
"646",2017-02-27 22:00:00,788,18934,1088,754,334,225,109,2615,593,2022,1411,611,139287,138468
"647",2017-02-27 23:00:00,788,18935,1165,772,393,266,127,2502,545,1957,1400,557,113909,113241
"648",2017-02-28 00:00:00,789,18936,1602,785,817,653,164,4293,456,3837,3069,768,107482,106834
"649",2017-02-28 01:00:00,789,18937,1365,758,607,438,169,3279,411,2868,2299,569,105812,105202
"650",2017-02-28 02:00:00,789,18938,1072,639,433,300,133,1540,338,1202,877,325,95348,94731
"651",2017-02-28 03:00:00,789,18939,986,643,343,236,107,951,242,709,515,194,90473,89900
"652",2017-02-28 04:00:00,789,18940,758,490,268,174,94,727,168,559,407,152,84368,83828
"653",2017-02-28 05:00:00,789,18941,600,419,181,106,75,442,118,324,234,90,79991,79442
"654",2017-02-28 06:00:00,789,18942,478,348,130,92,38,214,71,143,101,42,81814,81232
"655",2017-02-28 07:00:00,789,18943,358,260,98,58,40,150,42,108,77,31,84700,84133
"656",2017-02-28 08:00:00,789,18944,306,219,87,54,33,96,35,61,45,16,86374,85731
"657",2017-02-28 09:00:00,789,18945,280,223,57,36,21,76,21,55,40,15,88656,87966
"658",2017-02-28 10:00:00,789,18946,263,218,45,22,23,80,35,45,31,14,86552,85926
"659",2017-02-28 11:00:00,789,18947,268,222,46,35,11,135,45,90,62,28,92240,91558
"660",2017-02-28 12:00:00,789,18948,320,276,44,31,13,311,70,241,167,74,122496,121791
"661",2017-02-28 13:00:00,789,18949,498,386,112,70,42,735,216,519,345,174,170141,169174
"662",2017-02-28 14:00:00,789,18950,686,562,124,70,54,1225,317,908,611,297,198719,197499
"663",2017-02-28 15:00:00,789,18951,821,656,165,101,64,1489,432,1057,698,359,203420,202105
"664",2017-02-28 16:00:00,789,18952,880,682,198,112,86,1577,532,1045,720,325,198794,197516
"665",2017-03-01 16:00:00,790,18976,911,719,192,113,79,112,42,70,49,21,185724,184507
"666",2017-03-01 17:00:00,790,18977,965,781,184,123,61,1786,525,1261,845,416,170907,169813
"667",2017-03-01 18:00:00,790,18978,989,760,229,134,95,1831,567,1264,873,391,167469,166365
"668",2017-03-01 19:00:00,790,18979,1041,800,241,142,99,1892,561,1331,921,410,167152,165988
"669",2017-03-01 20:00:00,790,18980,1144,850,294,164,130,2242,651,1591,1106,485,160751,159663
"670",2017-03-01 21:00:00,790,18981,1037,781,256,160,96,2330,602,1728,1209,519,146770,145808
"671",2017-03-01 22:00:00,790,18982,1115,756,359,217,142,2384,529,1855,1299,556,124326,123574
"672",2017-03-01 23:00:00,790,18983,1030,682,348,223,125,2373,461,1912,1352,560,105254,104584
"673",2017-03-02 00:00:00,791,18984,1047,689,358,223,135,1996,414,1582,1117,465,98782,98199
"674",2017-03-02 01:00:00,791,18985,1036,676,360,238,122,1792,350,1442,1007,435,97570,96974
"675",2017-03-02 02:00:00,791,18986,993,645,348,234,114,1604,331,1273,899,374,92532,91957
"676",2017-03-02 03:00:00,791,18987,902,592,310,186,124,1092,209,883,618,265,89272,88681
"677",2017-03-02 04:00:00,791,18988,821,547,274,173,101,821,176,645,455,190,85982,85442
"678",2017-03-02 05:00:00,791,18989,668,475,193,136,57,486,120,366,261,105,81172,80655
"679",2017-03-02 06:00:00,791,18990,507,350,157,100,57,256,71,185,131,54,84079,83524
"680",2017-03-02 07:00:00,791,18991,361,254,107,73,34,157,59,98,73,25,85525,84938
"681",2017-03-02 08:00:00,791,18992,338,255,83,52,31,110,39,71,49,22,87587,86929
"682",2017-03-02 09:00:00,791,18993,306,245,61,28,33,88,34,54,39,15,89449,88806
"683",2017-03-02 10:00:00,791,18994,290,233,57,34,23,64,22,42,30,12,87493,86844
"684",2017-03-02 11:00:00,791,18995,283,235,48,30,18,140,39,101,67,34,94537,93878
"685",2017-03-02 12:00:00,791,18996,379,298,81,53,28,363,80,283,189,94,126890,126159
"686",2017-03-02 13:00:00,791,18997,558,424,134,78,56,692,198,494,337,157,184452,183467
"687",2017-03-02 14:00:00,791,18998,690,571,119,83,36,1286,357,929,625,304,219761,218439
"688",2017-03-02 15:00:00,791,18999,784,642,142,98,44,1416,452,964,653,311,221675,220371
"689",2017-03-02 16:00:00,791,19000,865,694,171,104,67,1634,550,1084,728,356,215573,214187
"690",2017-03-02 17:00:00,791,19001,894,696,198,109,89,1773,560,1213,834,379,196838,195662
"691",2017-03-02 18:00:00,791,19002,888,695,193,129,64,1837,561,1276,861,415,190580,189368
"692",2017-03-02 19:00:00,791,19003,965,738,227,136,91,1952,622,1330,923,407,190715,189493
"693",2017-03-02 20:00:00,791,19004,976,720,256,145,111,2108,606,1502,1020,482,179491,178319
"694",2017-03-02 21:00:00,791,19005,1012,735,277,170,107,2307,611,1696,1205,491,162234,161215
"695",2017-03-02 22:00:00,791,19006,1036,707,329,219,110,2723,554,2169,1525,644,136094,135243
"696",2017-03-02 23:00:00,791,19007,1006,661,345,254,91,2782,497,2285,1621,664,110729,110075
"697",2017-03-03 00:00:00,792,19008,1114,707,407,261,146,2337,422,1915,1344,571,103649,103038
"698",2017-03-03 01:00:00,792,19009,1114,698,416,269,147,1929,424,1505,1083,422,99002,98385
"699",2017-03-03 02:00:00,792,19010,1017,630,387,258,129,1500,309,1191,848,343,93315,92702
"700",2017-03-03 03:00:00,792,19011,919,637,282,195,87,1276,216,1060,761,299,87577,87050
"701",2017-03-03 04:00:00,792,19012,888,586,302,208,94,1013,155,858,615,243,82030,81482
"702",2017-03-03 05:00:00,792,19013,744,467,277,195,82,683,163,520,387,133,75765,75307
"703",2017-03-03 06:00:00,792,19014,524,370,154,103,51,364,76,288,208,80,78757,78273
"704",2017-03-03 07:00:00,792,19015,424,277,147,95,52,204,56,148,104,44,79927,79420
"705",2017-03-03 08:00:00,792,19016,376,261,115,76,39,123,34,89,60,29,79710,79119
"706",2017-03-03 09:00:00,792,19017,352,265,87,48,39,100,40,60,45,15,81409,80798
"707",2017-03-03 10:00:00,792,19018,297,228,69,38,31,90,32,58,40,18,81400,80809
"708",2017-03-03 11:00:00,792,19019,314,250,64,43,21,176,48,128,84,44,88531,87978
"709",2017-03-03 12:00:00,792,19020,358,283,75,45,30,399,102,297,189,108,121593,120922
"710",2017-03-03 13:00:00,792,19021,511,401,110,68,42,791,174,617,410,207,173395,172422
"711",2017-03-03 14:00:00,792,19022,683,523,160,99,61,1336,307,1029,678,351,199753,198545
"712",2017-03-03 15:00:00,792,19023,836,684,152,101,51,1520,456,1064,716,348,200886,199674
"713",2017-03-03 16:00:00,792,19024,853,669,184,108,76,1798,530,1268,873,395,195522,194182
"714",2017-03-03 17:00:00,792,19025,867,657,210,135,75,1849,580,1269,888,381,176235,175064
"715",2017-03-03 18:00:00,792,19026,860,635,225,132,93,1969,582,1387,926,461,170012,168871
"716",2017-03-03 19:00:00,792,19027,891,663,228,149,79,1989,574,1415,963,452,165790,164743
"717",2017-03-03 20:00:00,792,19028,955,697,258,164,94,2316,613,1703,1187,516,154822,153828
"718",2017-03-03 21:00:00,792,19029,913,604,309,212,97,2441,575,1866,1313,553,138011,137107
"719",2017-03-03 22:00:00,792,19030,1174,734,440,329,111,6474,553,5921,4068,1853,131322,130607
"720",2017-03-03 23:00:00,792,19031,1084,654,430,302,128,2978,485,2493,1774,719,97736,97163
"721",2017-03-04 00:00:00,793,19032,1039,671,368,232,136,2172,417,1755,1260,495,82196,81677
"722",2017-03-04 01:00:00,793,19033,996,564,432,271,161,1757,367,1390,1001,389,75982,75543
"723",2017-03-04 02:00:00,793,19034,943,568,375,246,129,1526,263,1263,916,347,73350,72934
"724",2017-03-04 03:00:00,793,19035,872,550,322,242,80,1312,222,1090,781,309,71018,70617
"725",2017-03-04 04:00:00,793,19036,800,463,337,206,131,1136,152,984,707,277,67944,67554
"726",2017-03-04 05:00:00,793,19037,702,419,283,184,99,736,134,602,438,164,62902,62521
"727",2017-03-04 06:00:00,793,19038,569,344,225,139,86,424,83,341,247,94,61018,60676
"728",2017-03-04 07:00:00,793,19039,415,254,161,95,66,245,45,200,151,49,57086,56748
"729",2017-03-04 08:00:00,793,19040,303,224,79,46,33,125,51,74,57,17,55637,55302
"730",2017-03-04 09:00:00,793,19041,279,196,83,52,31,121,46,75,53,22,54637,54308
"731",2017-03-04 10:00:00,793,19042,223,167,56,38,18,113,45,68,49,19,55709,55387
"732",2017-03-04 11:00:00,793,19043,318,230,88,59,29,163,61,102,73,29,59173,58846
"733",2017-03-04 12:00:00,793,19044,315,241,74,59,15,315,70,245,166,79,68948,68581
"734",2017-03-04 13:00:00,793,19045,460,340,120,84,36,701,143,558,390,168,79006,78597
"735",2017-03-04 14:00:00,793,19046,642,440,202,144,58,1278,224,1054,722,332,89954,89483
"736",2017-03-04 15:00:00,793,19047,810,566,244,164,80,1862,326,1536,1072,464,97592,97001
"737",2017-03-04 16:00:00,793,19048,1007,708,299,208,91,1869,344,1525,1077,448,101149,100573
"738",2017-03-04 17:00:00,793,19049,1036,697,339,242,97,2098,421,1677,1184,493,100590,99976
"739",2017-03-04 18:00:00,793,19050,1031,688,343,228,115,2161,448,1713,1198,515,95371,94741
"740",2017-03-04 19:00:00,793,19051,1020,678,342,215,127,2244,460,1784,1261,523,92154,91554
"741",2017-03-04 20:00:00,793,19052,984,638,346,220,126,2248,436,1812,1311,501,88202,87675
"742",2017-03-04 21:00:00,793,19053,1017,682,335,250,85,2180,451,1729,1223,506,82996,82488
"743",2017-03-04 22:00:00,793,19054,1015,604,411,297,114,2139,394,1745,1253,492,76982,76537
"744",2017-03-04 23:00:00,793,19055,1096,649,447,303,144,2178,340,1838,1297,541,70962,70510
"745",2017-03-05 00:00:00,794,19056,1106,683,423,272,151,2053,323,1730,1238,492,68313,67910
"746",2017-03-05 01:00:00,794,19057,1028,600,428,288,140,1794,286,1508,1096,412,66811,66428
"747",2017-03-05 02:00:00,794,19058,916,537,379,279,100,1563,262,1301,951,350,66774,66405
"748",2017-03-05 03:00:00,794,19059,922,528,394,280,114,1153,148,1005,747,258,68073,67697
"749",2017-03-05 04:00:00,794,19060,792,474,318,228,90,900,147,753,543,210,67927,67547
"750",2017-03-05 05:00:00,794,19061,735,419,316,211,105,635,105,530,399,131,63924,63517
"751",2017-03-05 06:00:00,794,19062,510,305,205,119,86,393,85,308,224,84,60874,60489
"752",2017-03-05 07:00:00,794,19063,468,297,171,102,69,234,37,197,148,49,57665,57273
"753",2017-03-05 08:00:00,794,19064,295,191,104,55,49,128,29,99,74,25,56371,56009
"754",2017-03-05 09:00:00,794,19065,290,195,95,53,42,72,24,48,35,13,54495,54144
"755",2017-03-05 10:00:00,794,19066,255,203,52,38,14,58,26,32,23,9,55702,55391
"756",2017-03-05 11:00:00,794,19067,306,223,83,46,37,111,47,64,47,17,58963,58575
"757",2017-03-05 12:00:00,794,19068,323,217,106,53,53,216,55,161,110,51,64526,64192
"758",2017-03-05 13:00:00,794,19069,464,317,147,82,65,522,92,430,306,124,74610,74173
"759",2017-03-05 14:00:00,794,19070,720,458,262,146,116,937,145,792,565,227,84140,83655
"760",2017-03-05 15:00:00,794,19071,838,553,285,166,119,1422,233,1189,860,329,89329,88820
"761",2017-03-05 16:00:00,794,19072,972,601,371,244,127,1632,233,1399,981,418,93487,92951
"762",2017-03-05 17:00:00,794,19073,1015,634,381,257,124,1835,318,1517,1085,432,94771,94173
"763",2017-03-05 18:00:00,794,19074,1075,668,407,270,137,1958,372,1586,1131,455,93639,93037
"764",2017-03-05 19:00:00,794,19075,1140,752,388,246,142,1992,373,1619,1151,468,92556,91981
"765",2017-03-05 20:00:00,794,19076,1054,687,367,228,139,2001,370,1631,1184,447,90380,89796
"766",2017-03-05 21:00:00,794,19077,1059,659,400,250,150,2146,440,1706,1210,496,87954,87391
"767",2017-03-05 22:00:00,794,19078,1083,651,432,265,167,1918,415,1503,1091,412,84668,84148
"768",2017-03-05 23:00:00,794,19079,1001,637,364,230,134,2006,345,1661,1213,448,81227,80727
"769",2017-03-06 00:00:00,795,19080,1004,648,356,214,142,1857,307,1550,1099,451,88809,88279
"770",2017-03-06 01:00:00,795,19081,1094,672,422,266,156,1689,267,1422,1025,397,96664,96068
"771",2017-03-06 02:00:00,795,19082,954,613,341,251,90,1268,272,996,719,277,91244,90655
"772",2017-03-06 03:00:00,795,19083,822,529,293,211,82,862,145,717,505,212,90085,89508
"773",2017-03-06 04:00:00,795,19084,689,442,247,178,69,531,143,388,278,110,87537,87035
"774",2017-03-06 05:00:00,795,19085,590,407,183,117,66,351,67,284,194,90,83849,83298
"775",2017-03-06 06:00:00,795,19086,434,317,117,71,46,221,58,163,115,48,87174,86556
"776",2017-03-06 07:00:00,795,19087,353,260,93,53,40,126,44,82,56,26,89697,89071
"777",2017-03-06 08:00:00,795,19088,322,251,71,43,28,89,36,53,37,16,91124,90483
"778",2017-03-06 09:00:00,795,19089,265,207,58,34,24,63,27,36,27,9,91937,91276
"779",2017-03-06 10:00:00,795,19090,296,264,32,19,13,71,22,49,33,16,91438,90793
"780",2017-03-06 11:00:00,795,19091,314,258,56,31,25,143,41,102,75,27,107710,107095
"781",2017-03-06 12:00:00,795,19092,371,299,72,40,32,305,66,239,161,78,168506,167717
"782",2017-03-06 13:00:00,795,19093,499,400,99,59,40,759,217,542,350,192,255250,253929
"783",2017-03-06 14:00:00,795,19094,690,539,151,80,71,1173,324,849,572,277,278910,277257
"784",2017-03-06 15:00:00,795,19095,832,671,161,97,64,1602,489,1113,752,361,261697,260112
"785",2017-03-06 16:00:00,795,19096,952,779,173,102,71,1844,599,1245,839,406,246084,244562
"786",2017-03-06 17:00:00,795,19097,923,740,183,119,64,1968,592,1376,933,443,217130,215741
"787",2017-03-06 18:00:00,795,19098,968,754,214,141,73,2084,662,1422,978,444,204024,202726
"788",2017-03-06 19:00:00,795,19099,932,697,235,154,81,2139,677,1462,1021,441,198726,197360
"789",2017-03-06 20:00:00,795,19100,1036,752,284,193,91,2393,685,1708,1230,478,183956,182778
"790",2017-03-06 21:00:00,795,19101,1089,765,324,206,118,2677,678,1999,1402,597,167208,166076
"791",2017-03-06 22:00:00,795,19102,1115,750,365,228,137,2754,590,2164,1565,599,137522,136712
"792",2017-03-06 23:00:00,795,19103,1136,720,416,255,161,2579,497,2082,1470,612,112990,112306
"793",2017-03-07 00:00:00,796,19104,1176,747,429,267,162,2369,456,1913,1378,535,105975,105328
"794",2017-03-07 01:00:00,796,19105,1173,726,447,286,161,2049,376,1673,1215,458,102252,101615
"795",2017-03-07 02:00:00,796,19106,1088,656,432,287,145,1548,325,1223,890,333,95522,94914
"796",2017-03-07 03:00:00,796,19107,925,571,354,230,124,1068,187,881,654,227,89945,89381
"797",2017-03-07 04:00:00,796,19108,834,542,292,167,125,746,169,577,435,142,84726,84226
"798",2017-03-07 05:00:00,796,19109,719,469,250,170,80,494,110,384,292,92,79679,79197
"799",2017-03-07 06:00:00,796,19110,499,357,142,91,51,270,68,202,148,54,82538,82026
"800",2017-03-07 07:00:00,796,19111,375,273,102,62,40,153,56,97,74,23,85003,84390
"801",2017-03-07 08:00:00,796,19112,313,246,67,48,19,88,30,58,41,17,88093,87437
"802",2017-03-07 09:00:00,796,19113,254,202,52,30,22,99,27,72,49,23,88975,88350
"803",2017-03-07 10:00:00,796,19114,297,245,52,32,20,82,26,56,41,15,88058,87428
"804",2017-03-07 11:00:00,796,19115,367,299,68,43,25,285,54,231,149,82,94540,93934
"805",2017-03-07 12:00:00,796,19116,516,429,87,61,26,1534,105,1429,923,506,127284,126589
"806",2017-03-07 13:00:00,796,19117,461,416,45,33,12,9256,400,8856,5760,3096,202386,201360
"807",2017-03-07 14:00:00,796,19118,654,511,143,97,46,3322,489,2833,1906,927,218361,217043
"808",2017-03-07 15:00:00,796,19119,944,768,176,112,64,1828,521,1307,877,430,213340,211975
"809",2017-03-07 16:00:00,796,19120,1053,846,207,143,64,1991,582,1409,973,436,207038,205716
"810",2017-03-07 17:00:00,796,19121,958,765,193,121,72,2160,619,1541,1048,493,189488,188262
"811",2017-03-07 18:00:00,796,19122,963,748,215,130,85,2131,585,1546,1062,484,185241,184004
"812",2017-03-07 19:00:00,796,19123,1038,816,222,132,90,2252,649,1603,1117,486,183635,182352
"813",2017-03-07 20:00:00,796,19124,1063,798,265,169,96,2556,692,1864,1307,557,171616,170452
"814",2017-03-07 21:00:00,796,19125,1125,803,322,194,128,2755,642,2113,1501,612,155488,154484
"815",2017-03-07 22:00:00,796,19126,1186,796,390,250,140,2810,573,2237,1588,649,131073,130228
"816",2017-03-07 23:00:00,796,19127,1076,700,376,232,144,2523,563,1960,1386,574,108801,108129
"817",2017-03-08 00:00:00,797,19128,1080,671,409,261,148,2356,493,1863,1342,521,99828,99207
"818",2017-03-08 01:00:00,797,19129,1147,744,403,269,134,1949,388,1561,1146,415,97446,96878
"819",2017-03-08 02:00:00,797,19130,1061,703,358,254,104,1608,330,1278,925,353,92277,91677
"820",2017-03-08 03:00:00,797,19131,918,580,338,223,115,1196,244,952,695,257,88751,88193
"821",2017-03-08 04:00:00,797,19132,722,494,228,144,84,773,179,594,445,149,84638,84110
"822",2017-03-08 05:00:00,797,19133,545,390,155,99,56,448,85,363,265,98,78685,78178
"823",2017-03-08 06:00:00,797,19134,459,322,137,79,58,295,89,206,154,52,80487,79965
"824",2017-03-08 07:00:00,797,19135,372,292,80,45,35,120,42,78,58,20,84277,83677
"825",2017-03-08 08:00:00,797,19136,316,234,82,44,38,106,35,71,50,21,86327,85689
"826",2017-03-08 09:00:00,797,19137,300,235,65,42,23,68,26,42,33,9,87945,87259
"827",2017-03-08 10:00:00,797,19138,318,269,49,29,20,69,31,38,25,13,86219,85617
"828",2017-03-08 11:00:00,797,19139,327,254,73,46,27,104,49,55,37,18,90249,89633
"829",2017-03-08 12:00:00,797,19140,400,317,83,48,35,282,81,201,133,68,111263,110594
"830",2017-03-08 13:00:00,797,19141,630,502,128,79,49,733,211,522,350,172,147773,146875
"831",2017-03-08 14:00:00,797,19142,700,600,100,61,39,1128,293,835,568,267,178881,177749
"832",2017-03-08 15:00:00,797,19143,908,763,145,92,53,1345,410,935,642,293,187179,185932
"833",2017-03-08 16:00:00,797,19144,854,683,171,104,67,1428,510,918,637,281,187058,185818
"834",2017-03-08 17:00:00,797,19145,937,744,193,126,67,1707,607,1100,773,327,172492,171342
"835",2017-03-08 18:00:00,797,19146,886,710,176,107,69,1774,634,1140,796,344,169031,167990
"836",2017-03-08 19:00:00,797,19147,929,719,210,132,78,1845,597,1248,875,373,167233,166087
"837",2017-03-08 20:00:00,797,19148,1033,744,289,179,110,2081,662,1419,996,423,157915,156834
"838",2017-03-08 21:00:00,797,19149,953,681,272,180,92,2234,558,1676,1195,481,142413,141417
"839",2017-03-08 22:00:00,797,19150,987,701,286,170,116,2222,537,1685,1222,463,120771,120003
"840",2017-03-08 23:00:00,797,19151,992,683,309,195,114,2243,518,1725,1239,486,103829,103156
"841",2017-03-09 00:00:00,798,19152,977,675,302,193,109,2203,447,1756,1254,502,98121,97543
"842",2017-03-09 01:00:00,798,19153,1036,676,360,248,112,1844,364,1480,1053,427,98710,98088
"843",2017-03-09 02:00:00,798,19154,916,573,343,210,133,1559,349,1210,868,342,95003,94390
"844",2017-03-09 03:00:00,798,19155,808,508,300,198,102,1079,228,851,609,242,90836,90272
"845",2017-03-09 04:00:00,798,19156,698,442,256,164,92,742,184,558,418,140,86573,86075
"846",2017-03-09 05:00:00,798,19157,611,425,186,131,55,450,109,341,243,98,83783,83237
"847",2017-03-09 06:00:00,798,19158,465,346,119,72,47,311,100,211,148,63,87171,86595
"848",2017-03-09 07:00:00,798,19159,331,244,87,57,30,166,41,125,92,33,89032,88431
"849",2017-03-09 08:00:00,798,19160,306,234,72,54,18,106,47,59,41,18,90526,89867
"850",2017-03-09 09:00:00,798,19161,318,242,76,38,38,99,37,62,47,15,91909,91273
"851",2017-03-09 10:00:00,798,19162,295,250,45,27,18,76,27,49,30,19,90362,89724
"852",2017-03-09 11:00:00,798,19163,287,209,78,35,43,132,45,87,64,23,97200,96545
"853",2017-03-09 12:00:00,798,19164,363,274,89,59,30,255,81,174,122,52,130756,130029
"854",2017-03-09 13:00:00,798,19165,532,422,110,53,57,679,249,430,300,130,188467,187478
"855",2017-03-09 14:00:00,798,19166,688,571,117,68,49,1058,372,686,464,222,221456,220195
"856",2017-03-09 15:00:00,798,19167,783,649,134,78,56,1262,436,826,547,279,222841,221417
"857",2017-03-09 16:00:00,798,19168,873,718,155,94,61,1500,513,987,681,306,216869,215545
"858",2017-03-09 17:00:00,798,19169,888,711,177,118,59,1612,520,1092,765,327,195778,194538
"859",2017-03-09 18:00:00,798,19170,853,678,175,113,62,1752,530,1222,853,369,190460,189276
"860",2017-03-09 19:00:00,798,19171,873,676,197,119,78,1741,580,1161,793,368,187672,186451
"861",2017-03-09 20:00:00,798,19172,1027,783,244,151,93,2044,628,1416,994,422,175322,174165
"862",2017-03-09 21:00:00,798,19173,997,732,265,165,100,2127,597,1530,1062,468,159099,158206
"863",2017-03-09 22:00:00,798,19174,971,694,277,181,96,2121,506,1615,1136,479,132221,131422
"864",2017-03-09 23:00:00,798,19175,1013,676,337,215,122,2271,457,1814,1288,526,107092,106465
"865",2017-03-10 00:00:00,799,19176,1036,674,362,231,131,2000,401,1599,1138,461,101490,100910
"866",2017-03-10 01:00:00,799,19177,1029,638,391,272,119,1727,359,1368,992,376,98401,97810
"867",2017-03-10 02:00:00,799,19178,916,590,326,213,113,1411,295,1116,841,275,92342,91753
"868",2017-03-10 03:00:00,799,19179,894,596,298,197,101,1131,237,894,647,247,87346,86768
"869",2017-03-10 04:00:00,799,19180,775,527,248,162,86,716,193,523,386,137,80843,80354
"870",2017-03-10 05:00:00,799,19181,549,361,188,107,81,479,102,377,269,108,75425,74918
"871",2017-03-10 06:00:00,799,19182,427,296,131,76,55,309,72,237,172,65,77684,77228
"872",2017-03-10 07:00:00,799,19183,337,222,115,63,52,166,54,112,82,30,80723,80220
"873",2017-03-10 08:00:00,799,19184,286,203,83,39,44,90,30,60,43,17,81516,80934
"874",2017-03-10 09:00:00,799,19185,329,252,77,51,26,84,34,50,34,16,83442,82817
"875",2017-03-10 10:00:00,799,19186,298,229,69,40,29,70,25,45,35,10,81784,81209
"876",2017-03-10 11:00:00,799,19187,274,223,51,28,23,96,38,58,49,9,89925,89389
"877",2017-03-10 12:00:00,799,19188,340,260,80,44,36,294,65,229,160,69,122325,121669
"878",2017-03-10 13:00:00,799,19189,569,418,151,98,53,797,230,567,402,165,172379,171407
"879",2017-03-10 14:00:00,799,19190,759,569,190,124,66,1211,334,877,649,228,199354,198115
"880",2017-03-10 15:00:00,799,19191,842,646,196,127,69,1462,464,998,719,279,198833,197568
"881",2017-03-10 16:00:00,799,19192,910,703,207,133,74,1606,534,1072,765,307,195405,194105
"882",2017-03-10 17:00:00,799,19193,920,716,204,116,88,1550,528,1022,715,307,176729,175621
"883",2017-03-10 18:00:00,799,19194,881,682,199,113,86,1918,566,1352,946,406,167898,166784
"884",2017-03-10 19:00:00,799,19195,870,659,211,124,87,1864,582,1282,892,390,163591,162503
"885",2017-03-10 20:00:00,799,19196,935,677,258,157,101,2169,612,1557,1097,460,152239,151260
"886",2017-03-10 21:00:00,799,19197,1024,705,319,186,133,2187,621,1566,1136,430,136208,135312
"887",2017-03-10 22:00:00,799,19198,1020,660,360,227,133,2374,563,1811,1289,522,113336,112663
"888",2017-03-10 23:00:00,799,19199,974,642,332,201,131,2168,468,1700,1230,470,92153,91606
"889",2017-03-11 00:00:00,800,19200,1013,590,423,284,139,1964,415,1549,1135,414,80863,80399
"890",2017-03-11 01:00:00,800,19201,957,589,368,262,106,1712,350,1362,1007,355,74921,74514
"891",2017-03-11 02:00:00,800,19202,976,557,419,276,143,1524,311,1213,890,323,71840,71453
"892",2017-03-11 03:00:00,800,19203,900,566,334,230,104,1179,198,981,720,261,69607,69194
"893",2017-03-11 04:00:00,800,19204,769,466,303,191,112,917,184,733,527,206,67321,66941
"894",2017-03-11 05:00:00,800,19205,636,366,270,164,106,648,139,509,386,123,62423,62066
"895",2017-03-11 06:00:00,800,19206,511,274,237,142,95,421,86,335,238,97,59957,59574
"896",2017-03-11 07:00:00,800,19207,435,288,147,91,56,218,70,148,106,42,56667,56312
"897",2017-03-11 08:00:00,800,19208,318,227,91,49,42,109,37,72,51,21,55922,55590
"898",2017-03-11 09:00:00,800,19209,302,214,88,46,42,96,41,55,41,14,54953,54630
"899",2017-03-11 10:00:00,800,19210,230,186,44,25,19,91,45,46,33,13,55150,54817
"900",2017-03-11 11:00:00,800,19211,278,219,59,38,21,89,32,57,40,17,59572,59226
"901",2017-03-11 12:00:00,800,19212,352,251,101,69,32,282,90,192,132,60,69636,69275
"902",2017-03-11 13:00:00,800,19213,484,348,136,89,47,569,138,431,310,121,80094,79634
"903",2017-03-11 14:00:00,800,19214,695,480,215,135,80,1141,280,861,607,254,90019,89493
"904",2017-03-11 15:00:00,800,19215,919,645,274,149,125,1654,325,1329,930,399,97695,97143
"905",2017-03-11 16:00:00,800,19216,1142,777,365,215,150,1740,433,1307,925,382,101405,100810
"906",2017-03-11 17:00:00,800,19217,1096,736,360,222,138,1850,442,1408,1010,398,99800,99243
"907",2017-03-11 18:00:00,800,19218,1084,730,354,216,138,2085,425,1660,1186,474,95387,94778
"908",2017-03-11 19:00:00,800,19219,1048,703,345,210,135,2153,446,1707,1207,500,91109,90565
"909",2017-03-11 20:00:00,800,19220,1062,710,352,219,133,1926,421,1505,1097,408,88574,87995
"910",2017-03-11 21:00:00,800,19221,1060,703,357,247,110,2132,497,1635,1167,468,83399,82878
"911",2017-03-11 22:00:00,800,19222,1113,667,446,308,138,1915,411,1504,1094,410,77681,77178
"912",2017-03-11 23:00:00,800,19223,1134,680,454,295,159,1790,352,1438,1044,394,71246,70806
"913",2017-03-12 00:00:00,801,19224,1083,656,427,259,168,1591,320,1271,921,350,68804,68385
"914",2017-03-12 01:00:00,801,19225,990,594,396,242,154,1511,258,1253,916,337,65086,64704
"915",2017-03-12 02:00:00,801,19226,997,565,432,278,154,1471,232,1239,918,321,66571,66152
"916",2017-03-12 03:00:00,801,19227,927,556,371,236,135,1153,160,993,730,263,67369,67015
"917",2017-03-12 04:00:00,801,19228,795,470,325,214,111,821,126,695,495,200,67102,66698
"918",2017-03-12 05:00:00,801,19229,764,425,339,221,118,557,115,442,318,124,62384,62043
"919",2017-03-12 06:00:00,801,19230,529,330,199,127,72,320,62,258,199,59,59110,58730
"920",2017-03-12 07:00:00,801,19231,379,230,149,104,45,210,55,155,112,43,57294,56962
"921",2017-03-12 08:00:00,801,19232,324,224,100,55,45,117,52,65,48,17,55854,55553
"922",2017-03-12 09:00:00,801,19233,288,197,91,51,40,79,32,47,29,18,53881,53550
"923",2017-03-12 10:00:00,801,19234,277,218,59,32,27,81,33,48,30,18,56515,56170
"924",2017-03-12 11:00:00,801,19235,295,236,59,33,26,110,35,75,55,20,60365,60004
"925",2017-03-12 12:00:00,801,19236,340,260,80,53,27,266,63,203,141,62,67924,67545
"926",2017-03-12 13:00:00,801,19237,487,317,170,117,53,577,109,468,333,135,74867,74447
"927",2017-03-12 14:00:00,801,19238,638,446,192,103,89,929,175,754,524,230,82963,82466
"928",2017-03-12 15:00:00,801,19239,749,513,236,147,89,1261,235,1026,717,309,88971,88420
"929",2017-03-12 16:00:00,801,19240,922,619,303,174,129,1540,261,1279,915,364,93088,92524
"930",2017-03-12 17:00:00,801,19241,953,637,316,203,113,1895,304,1591,1148,443,95393,94847
"931",2017-03-12 18:00:00,801,19242,1080,712,368,221,147,2048,383,1665,1186,479,95523,94975
"932",2017-03-12 19:00:00,801,19243,1064,704,360,221,139,1909,346,1563,1157,406,93272,92730
"933",2017-03-12 20:00:00,801,19244,1047,665,382,258,124,1908,418,1490,1090,400,89254,88686
"934",2017-03-12 21:00:00,801,19245,1069,676,393,264,129,1769,365,1404,1046,358,84725,84225
"935",2017-03-12 22:00:00,801,19246,1042,677,365,221,144,1950,375,1575,1142,433,79997,79507
"936",2017-03-12 23:00:00,801,19247,1061,634,427,259,168,1737,346,1391,1024,367,80469,79985
"937",2017-03-13 00:00:00,802,19248,1087,682,405,253,152,1575,302,1273,923,350,85575,85089
"938",2017-03-13 01:00:00,802,19249,1034,659,375,259,116,1193,208,985,716,269,92007,91458
"939",2017-03-13 02:00:00,802,19250,938,614,324,198,126,933,208,725,512,213,85981,85407
"940",2017-03-13 03:00:00,802,19251,726,454,272,174,98,668,128,540,385,155,80177,79688
"941",2017-03-13 04:00:00,802,19252,630,424,206,122,84,431,86,345,259,86,75450,74999
"942",2017-03-13 05:00:00,802,19253,495,347,148,87,61,254,68,186,134,52,72663,72191
"943",2017-03-13 06:00:00,802,19254,393,254,139,89,50,166,51,115,82,33,78611,78053
"944",2017-03-13 07:00:00,802,19255,322,227,95,48,47,105,33,72,55,17,84210,83641
"945",2017-03-13 08:00:00,802,19256,293,243,50,28,22,65,23,42,30,12,86536,85945
"946",2017-03-13 09:00:00,802,19257,278,221,57,39,18,84,47,37,25,12,91352,90723
"947",2017-03-13 10:00:00,802,19258,293,239,54,34,20,104,34,70,45,25,103801,103157
"948",2017-03-13 11:00:00,802,19259,356,293,63,29,34,196,63,133,93,40,149023,148303
"949",2017-03-13 12:00:00,802,19260,446,356,90,51,39,533,159,374,256,118,224186,223109
"950",2017-03-13 13:00:00,802,19261,676,555,121,74,47,967,316,651,420,231,251742,250357
"951",2017-03-13 14:00:00,802,19262,758,620,138,76,62,1136,363,773,530,243,247884,246373
"952",2017-03-13 15:00:00,802,19263,914,739,175,98,77,1587,451,1136,784,352,238594,237115
"953",2017-03-13 16:00:00,802,19264,917,747,170,90,80,1699,495,1204,842,362,213020,211663
"954",2017-03-13 17:00:00,802,19265,1036,809,227,133,94,1830,556,1274,869,405,202342,201088
"955",2017-03-13 18:00:00,802,19266,1119,844,275,171,104,1979,606,1373,975,398,194038,192825
"956",2017-03-13 19:00:00,802,19267,1185,844,341,214,127,2658,547,2111,1483,628,185066,183880
"957",2017-03-13 20:00:00,802,19268,1222,854,368,238,130,2782,590,2192,1543,649,167561,166485
"958",2017-03-13 21:00:00,802,19269,1203,838,365,220,145,2516,577,1939,1393,546,139616,138753
"959",2017-03-13 22:00:00,802,19270,1241,834,407,250,157,2401,493,1908,1391,517,115049,114342
"960",2017-03-13 23:00:00,802,19271,1166,766,400,264,136,2317,420,1897,1383,514,102017,101387
"961",2017-03-14 00:00:00,803,19272,1116,688,428,260,168,1976,404,1572,1148,424,95154,94583
"962",2017-03-14 01:00:00,803,19273,1088,714,374,229,145,1772,333,1439,1040,399,94217,93634
"963",2017-03-14 02:00:00,803,19274,1022,650,372,241,131,1279,249,1030,740,290,89893,89319
"964",2017-03-14 03:00:00,803,19275,893,595,298,196,102,869,179,690,515,175,84865,84340
"965",2017-03-14 04:00:00,803,19276,673,443,230,164,66,549,127,422,314,108,80139,79636
"966",2017-03-14 05:00:00,803,19277,501,332,169,111,58,338,91,247,175,72,77257,76761
"967",2017-03-14 06:00:00,803,19278,370,263,107,67,40,184,56,128,96,32,80681,80155
"968",2017-03-14 07:00:00,803,19279,351,261,90,62,28,119,43,76,53,23,85205,84586
"969",2017-03-14 08:00:00,803,19280,349,275,74,43,31,83,44,39,27,12,87719,87036
"970",2017-03-14 09:00:00,803,19281,342,289,53,31,22,76,29,47,32,15,91345,90701
"971",2017-03-14 10:00:00,803,19282,285,240,45,32,13,87,43,44,33,11,96437,95756
"972",2017-03-14 11:00:00,803,19283,336,266,70,43,27,197,73,124,83,41,115800,115069
"973",2017-03-14 12:00:00,803,19284,457,360,97,55,42,483,141,342,237,105,156324,155466
"974",2017-03-14 13:00:00,803,19285,669,531,138,87,51,892,252,640,445,195,184543,183388
"975",2017-03-14 14:00:00,803,19286,844,668,176,106,70,1471,368,1103,777,326,196723,195455
"976",2017-03-14 15:00:00,803,19287,1028,777,251,155,96,1844,486,1358,931,427,198175,196861
"977",2017-03-14 16:00:00,803,19288,1077,807,270,186,84,2044,570,1474,1048,426,182394,181165
"978",2017-03-14 17:00:00,803,19289,1178,832,346,230,116,2203,646,1557,1092,465,177664,176473
"979",2017-03-14 18:00:00,803,19290,1249,901,348,224,124,2085,615,1470,1056,414,174492,173275
"980",2017-03-14 19:00:00,803,19291,1249,875,374,234,140,2226,671,1555,1116,439,167999,166932
"981",2017-03-14 20:00:00,803,19292,1204,830,374,262,112,2417,647,1770,1267,503,160451,159303
"982",2017-03-14 21:00:00,803,19293,1308,855,453,296,157,2512,645,1867,1349,518,139728,138854
"983",2017-03-14 22:00:00,803,19294,1142,733,409,274,135,2667,524,2143,1521,622,121975,121183
"984",2017-03-14 23:00:00,803,19295,1250,796,454,299,155,2335,483,1852,1324,528,110770,110078
"985",2017-03-15 00:00:00,804,19296,1126,677,449,299,150,2009,390,1619,1191,428,105689,105043
"986",2017-03-15 01:00:00,804,19297,1115,716,399,263,136,1661,333,1328,969,359,103228,102581
"987",2017-03-15 02:00:00,804,19298,1000,588,412,272,140,1261,233,1028,755,273,99179,98543
"988",2017-03-15 03:00:00,804,19299,863,548,315,204,111,881,184,697,506,191,93996,93378
"989",2017-03-15 04:00:00,804,19300,716,476,240,172,68,559,105,454,335,119,87589,87017
"990",2017-03-15 05:00:00,804,19301,558,373,185,111,74,395,119,276,202,74,83165,82600
"991",2017-03-15 06:00:00,804,19302,403,287,116,66,50,183,59,124,87,37,87161,86556
"992",2017-03-15 07:00:00,804,19303,311,240,71,39,32,136,49,87,59,28,93885,93268
"993",2017-03-15 08:00:00,804,19304,291,229,62,34,28,98,47,51,34,17,95828,95165
"994",2017-03-15 09:00:00,804,19305,301,240,61,35,26,48,23,25,19,6,98438,97669
"995",2017-03-15 10:00:00,804,19306,316,262,54,33,21,150,70,80,56,24,105025,104300
"996",2017-03-15 11:00:00,804,19307,331,263,68,39,29,206,82,124,80,44,122188,121399
"997",2017-03-15 12:00:00,804,19308,476,384,92,49,43,580,198,382,263,119,161440,160464
"998",2017-03-15 13:00:00,804,19309,694,579,115,69,46,1023,332,691,455,236,192863,191668
"999",2017-03-15 14:00:00,804,19310,802,665,137,90,47,1339,461,878,612,266,207770,206296
"1000",2017-03-15 15:00:00,804,19311,898,736,162,110,52,1554,575,979,678,301,208469,207048
"1001",2017-03-15 16:00:00,804,19312,994,759,235,134,101,1810,620,1190,852,338,195843,194522
"1002",2017-03-15 17:00:00,804,19313,983,767,216,138,78,1897,604,1293,908,385,189658,188347
"1003",2017-03-15 18:00:00,804,19314,1058,785,273,174,99,2090,707,1383,979,404,182205,180903
"1004",2017-03-15 19:00:00,804,19315,1084,805,279,184,95,2178,709,1469,1049,420,175008,173717
"1005",2017-03-15 20:00:00,804,19316,1131,781,350,221,129,2213,682,1531,1104,427,162847,161690
"1006",2017-03-15 21:00:00,804,19317,1123,777,346,216,130,2424,613,1811,1305,506,149149,148179
"1007",2017-03-15 22:00:00,804,19318,1240,839,401,254,147,2435,612,1823,1339,484,135011,134057
"1008",2017-03-15 23:00:00,804,19319,1298,875,423,288,135,2350,596,1754,1273,481,121757,120888
"1009",2017-03-16 00:00:00,805,19320,1229,769,460,312,148,2004,486,1518,1099,419,118723,117985
"1010",2017-03-16 01:00:00,805,19321,1119,707,412,271,141,1628,399,1229,886,343,117335,116590
"1011",2017-03-16 02:00:00,805,19322,962,587,375,252,123,1174,274,900,649,251,109426,108746
"1012",2017-03-16 03:00:00,805,19323,897,601,296,209,87,863,237,626,456,170,100914,100301
"1013",2017-03-16 04:00:00,805,19324,710,461,249,170,79,573,162,411,295,116,92781,92156
"1014",2017-03-16 05:00:00,805,19325,566,394,172,116,56,327,106,221,161,60,87561,86991
"1015",2017-03-16 06:00:00,805,19326,429,296,133,90,43,192,68,124,86,38,90763,90132
"1016",2017-03-16 07:00:00,805,19327,343,256,87,46,41,133,57,76,56,20,97346,96633
"1017",2017-03-16 08:00:00,805,19328,340,268,72,47,25,97,46,51,33,18,99887,99173
"1018",2017-03-16 09:00:00,805,19329,293,243,50,33,17,87,41,46,32,14,102365,101612
"1019",2017-03-16 10:00:00,805,19330,323,272,51,29,22,126,57,69,50,19,113256,112505
"1020",2017-03-16 11:00:00,805,19331,372,320,52,31,21,251,114,137,93,44,141961,141231
"1021",2017-03-16 12:00:00,805,19332,478,391,87,48,39,553,216,337,223,114,201130,200049
"1022",2017-03-16 13:00:00,805,19333,630,534,96,71,25,1093,379,714,493,221,236091,234609
"1023",2017-03-16 14:00:00,805,19334,819,702,117,78,39,1233,465,768,543,225,242983,241392
"1024",2017-03-16 15:00:00,805,19335,930,768,162,110,52,1512,565,947,652,295,238316,236780
"1025",2017-03-16 16:00:00,805,19336,983,795,188,123,65,1755,612,1143,817,326,219574,218111
"1026",2017-03-16 17:00:00,805,19337,1087,845,242,157,85,1896,622,1274,910,364,213465,212060
"1027",2017-03-16 18:00:00,805,19338,1056,775,281,166,115,2071,725,1346,957,389,205149,203880
"1028",2017-03-16 19:00:00,805,19339,1133,847,286,172,114,2168,704,1464,1038,426,192732,191551
"1029",2017-03-16 20:00:00,805,19340,1156,871,285,189,96,2279,683,1596,1148,448,179592,178433
"1030",2017-03-16 21:00:00,805,19341,1183,857,326,211,115,2357,610,1747,1270,477,153918,152973
"1031",2017-03-16 22:00:00,805,19342,1195,822,373,238,135,2203,540,1663,1206,457,132211,131375
"1032",2017-03-16 23:00:00,805,19343,1183,752,431,283,148,2121,532,1589,1130,459,116630,115935
"1033",2017-03-17 00:00:00,806,19344,1130,724,406,260,146,1861,457,1404,1013,391,111221,110563
"1034",2017-03-17 01:00:00,806,19345,1188,686,502,316,186,1755,391,1364,998,366,108547,107858
"1035",2017-03-17 02:00:00,806,19346,981,614,367,245,122,1360,336,1024,740,284,101190,100556
"1036",2017-03-17 03:00:00,806,19347,889,572,317,224,93,1021,242,779,552,227,92364,91808
"1037",2017-03-17 04:00:00,806,19348,653,422,231,137,94,671,147,524,359,165,81281,80808
"1038",2017-03-17 05:00:00,806,19349,499,324,175,110,65,400,113,287,211,76,76078,75608
"1039",2017-03-17 06:00:00,806,19350,404,263,141,83,58,176,52,124,92,32,79788,79264
"1040",2017-03-17 07:00:00,806,19351,342,261,81,53,28,147,45,102,67,35,83692,83130
"1041",2017-03-17 08:00:00,806,19352,299,232,67,40,27,97,34,63,43,20,85684,85066
"1042",2017-03-17 09:00:00,806,19353,311,249,62,44,18,91,42,49,33,16,89900,89252
"1043",2017-03-17 10:00:00,806,19354,323,261,62,45,17,126,53,73,49,24,96458,95835
"1044",2017-03-17 11:00:00,806,19355,377,309,68,41,27,223,92,131,85,46,123179,122422
"1045",2017-03-17 12:00:00,806,19356,435,360,75,45,30,550,200,350,241,109,171855,170881
"1046",2017-03-17 13:00:00,806,19357,660,520,140,94,46,1011,354,657,448,209,200206,198941
"1047",2017-03-17 14:00:00,806,19358,797,642,155,106,49,1296,484,812,563,249,204342,203033
"1048",2017-03-17 15:00:00,806,19359,875,677,198,130,68,1561,626,935,647,288,200662,199319
"1049",2017-03-17 16:00:00,806,19360,909,709,200,117,83,1651,591,1060,751,309,182178,180925
"1050",2017-03-17 17:00:00,806,19361,940,711,229,150,79,1864,646,1218,852,366,175371,174215
"1051",2017-03-17 18:00:00,806,19362,1028,748,280,200,80,2118,729,1389,983,406,166900,165733
"1052",2017-03-17 19:00:00,806,19363,1119,843,276,174,102,2262,677,1585,1112,473,156863,155861
"1053",2017-03-17 20:00:00,806,19364,1108,791,317,197,120,2319,697,1622,1188,434,144235,143248
"1054",2017-03-17 21:00:00,806,19365,982,640,342,201,141,2192,586,1606,1187,419,121489,120687
"1055",2017-03-17 22:00:00,806,19366,989,641,348,223,125,2141,548,1593,1161,432,103601,102955
"1056",2017-03-17 23:00:00,806,19367,1071,647,424,294,130,2043,471,1572,1162,410,91673,91101
"1057",2017-03-18 00:00:00,807,19368,1057,596,461,316,145,1888,401,1487,1079,408,83588,83055
"1058",2017-03-18 01:00:00,807,19369,966,569,397,272,125,1628,331,1297,958,339,78493,78007
"1059",2017-03-18 02:00:00,807,19370,910,525,385,260,125,1369,278,1091,812,279,76304,75863
"1060",2017-03-18 03:00:00,807,19371,844,487,357,229,128,1044,213,831,604,227,74170,73759
"1061",2017-03-18 04:00:00,807,19372,735,438,297,195,102,713,152,561,415,146,67931,67511
"1062",2017-03-18 05:00:00,807,19373,564,340,224,143,81,443,84,359,267,92,63455,63080
"1063",2017-03-18 06:00:00,807,19374,399,270,129,78,51,245,70,175,128,47,60975,60643
"1064",2017-03-18 07:00:00,807,19375,389,271,118,75,43,127,55,72,52,20,60500,60119
"1065",2017-03-18 08:00:00,807,19376,302,203,99,47,52,97,39,58,42,16,58831,58471
"1066",2017-03-18 09:00:00,807,19377,273,188,85,55,30,106,51,55,40,15,60523,60131
"1067",2017-03-18 10:00:00,807,19378,248,174,74,56,18,134,47,87,64,23,65051,64665
"1068",2017-03-18 11:00:00,807,19379,329,237,92,57,35,183,68,115,80,35,72938,72521
"1069",2017-03-18 12:00:00,807,19380,402,291,111,71,40,420,114,306,214,92,84348,83910
"1070",2017-03-18 13:00:00,807,19381,604,433,171,102,69,914,237,677,473,204,95279,94782
"1071",2017-03-18 14:00:00,807,19382,909,638,271,172,99,1521,395,1126,794,332,105424,104811
"1072",2017-03-18 15:00:00,807,19383,1060,736,324,213,111,1714,407,1307,923,384,109382,108732
"1073",2017-03-18 16:00:00,807,19384,1071,738,333,208,125,1849,476,1373,983,390,108812,108186
"1074",2017-03-18 17:00:00,807,19385,1058,752,306,217,89,2063,532,1531,1098,433,107230,106573
"1075",2017-03-18 18:00:00,807,19386,1181,829,352,230,122,2163,557,1606,1133,473,102812,102185
"1076",2017-03-18 19:00:00,807,19387,1082,725,357,236,121,2090,557,1533,1084,449,99666,99065
"1077",2017-03-18 20:00:00,807,19388,1010,701,309,213,96,1946,464,1482,1080,402,92908,92341
"1078",2017-03-18 21:00:00,807,19389,1059,671,388,269,119,1911,472,1439,1058,381,87582,87076
"1079",2017-03-18 22:00:00,807,19390,1156,728,428,295,133,1900,424,1476,1057,419,82019,81510
"1080",2017-03-18 23:00:00,807,19391,1097,641,456,307,149,1760,395,1365,1001,364,76633,76152
"1081",2017-03-19 00:00:00,808,19392,1046,641,405,290,115,1678,390,1288,936,352,75115,74672
"1082",2017-03-19 01:00:00,808,19393,1068,621,447,299,148,1576,298,1278,934,344,71782,71350
"1083",2017-03-19 02:00:00,808,19394,913,526,387,270,117,1105,226,879,650,229,70995,70576
"1084",2017-03-19 03:00:00,808,19395,831,494,337,241,96,928,168,760,552,208,69836,69405
"1085",2017-03-19 04:00:00,808,19396,705,398,307,207,100,618,145,473,338,135,66916,66509
"1086",2017-03-19 05:00:00,808,19397,593,375,218,144,74,388,102,286,209,77,62321,61959
"1087",2017-03-19 06:00:00,808,19398,467,296,171,101,70,246,68,178,127,51,59510,59171
"1088",2017-03-19 07:00:00,808,19399,368,250,118,77,41,153,42,111,78,33,58594,58271
"1089",2017-03-19 08:00:00,808,19400,300,209,91,66,25,117,45,72,50,22,58084,57714
"1090",2017-03-19 09:00:00,808,19401,266,201,65,43,22,91,48,43,28,15,58271,57922
"1091",2017-03-19 10:00:00,808,19402,295,231,64,40,24,84,33,51,36,15,61704,61361
"1092",2017-03-19 11:00:00,808,19403,312,244,68,38,30,161,63,98,66,32,68926,68552
"1093",2017-03-19 12:00:00,808,19404,394,298,96,59,37,361,70,291,208,83,77204,76747
"1094",2017-03-19 13:00:00,808,19405,559,405,154,94,60,715,151,564,395,169,86770,86292
"1095",2017-03-19 14:00:00,808,19406,732,501,231,141,90,1225,269,956,690,266,96046,95505
"1096",2017-03-19 15:00:00,808,19407,920,624,296,193,103,1326,326,1000,718,282,101764,101190
"1097",2017-03-19 16:00:00,808,19408,942,652,290,189,101,1625,397,1228,880,348,104029,103444
"1098",2017-03-19 17:00:00,808,19409,1054,721,333,207,126,1729,421,1308,949,359,102560,101906
"1099",2017-03-19 18:00:00,808,19410,1149,752,397,262,135,1818,477,1341,983,358,102217,101573
"1100",2017-03-19 19:00:00,808,19411,1088,733,355,236,119,1875,486,1389,1027,362,98024,97460
"1101",2017-03-19 20:00:00,808,19412,1052,691,361,237,124,1827,432,1395,1035,360,94503,93952
"1102",2017-03-19 21:00:00,808,19413,1037,683,354,239,115,1767,469,1298,937,361,89850,89325
"1103",2017-03-19 22:00:00,808,19414,1070,676,394,261,133,1787,420,1367,993,374,86884,86307
"1104",2017-03-19 23:00:00,808,19415,1064,680,384,260,124,1648,377,1271,929,342,85279,84734
"1105",2017-03-20 00:00:00,809,19416,1083,694,389,267,122,1561,354,1207,877,330,91788,91300
"1106",2017-03-20 01:00:00,809,19417,948,609,339,229,110,1265,281,984,710,274,98443,97862
"1107",2017-03-20 02:00:00,809,19418,852,576,276,188,88,860,196,664,490,174,91571,91013
"1108",2017-03-20 03:00:00,809,19419,747,501,246,165,81,561,112,449,321,128,86521,85978
"1109",2017-03-20 04:00:00,809,19420,556,372,184,110,74,405,100,305,215,90,82701,82173
"1110",2017-03-20 05:00:00,809,19421,468,344,124,80,44,236,50,186,130,56,79577,79076
"1111",2017-03-20 06:00:00,809,19422,342,240,102,60,42,133,46,87,64,23,85416,84830
"1112",2017-03-20 07:00:00,809,19423,301,239,62,38,24,131,60,71,46,25,90681,90079
"1113",2017-03-20 08:00:00,809,19424,301,241,60,32,28,79,37,42,29,13,94117,93429
"1114",2017-03-20 09:00:00,809,19425,298,250,48,30,18,59,26,33,24,9,101733,100973
"1115",2017-03-20 10:00:00,809,19426,366,315,51,32,19,108,41,67,49,18,116925,116197
"1116",2017-03-20 11:00:00,809,19427,375,304,71,54,17,231,77,154,101,53,173656,172761
"1117",2017-03-20 12:00:00,809,19428,433,362,71,49,22,576,186,390,256,134,261626,260306
"1118",2017-03-20 13:00:00,809,19429,775,653,122,63,59,1166,417,749,486,263,290107,288390
"1119",2017-03-20 14:00:00,809,19430,859,730,129,79,50,1338,475,863,579,284,276737,275000
"1120",2017-03-20 15:00:00,809,19431,996,845,151,100,51,1597,609,988,678,310,258847,257157
"1121",2017-03-20 16:00:00,809,19432,1016,837,179,116,63,1763,661,1102,758,344,228351,226828
"1122",2017-03-20 17:00:00,809,19433,993,796,197,113,84,1924,750,1174,810,364,214254,212861
"1123",2017-03-20 18:00:00,809,19434,1031,796,235,137,98,2067,752,1315,927,388,205454,204074
"1124",2017-03-20 19:00:00,809,19435,1108,845,263,165,98,2331,753,1578,1102,476,192137,190767
"1125",2017-03-20 20:00:00,809,19436,1181,864,317,210,107,2572,737,1835,1280,555,176611,175425
"1126",2017-03-20 21:00:00,809,19437,1212,855,357,236,121,2373,680,1693,1221,472,148230,147283
"1127",2017-03-20 22:00:00,809,19438,1162,799,363,230,133,2553,634,1919,1378,541,121890,121126
"1128",2017-03-20 23:00:00,809,19439,1218,787,431,303,128,5892,553,5339,4456,883,111721,111076
"1129",2017-03-21 00:00:00,810,19440,1636,892,744,540,204,11724,466,11258,9778,1480,122501,121819
"1130",2017-03-21 01:00:00,810,19441,1443,815,628,407,221,7539,417,7122,6015,1107,113147,112466
"1131",2017-03-21 02:00:00,810,19442,1122,672,450,325,125,2637,278,2359,1901,458,99334,98671
"1132",2017-03-21 03:00:00,810,19443,907,483,424,321,103,1548,190,1358,1059,299,90228,89665
"1133",2017-03-21 04:00:00,810,19444,790,457,333,244,89,1081,123,958,744,214,83423,82925
"1134",2017-03-21 05:00:00,810,19445,607,376,231,184,47,579,105,474,374,100,78469,77984
"1135",2017-03-21 06:00:00,810,19446,442,282,160,115,45,268,56,212,167,45,83168,82602
"1136",2017-03-21 07:00:00,810,19447,415,300,115,76,39,151,48,103,77,26,86656,86038
"1137",2017-03-21 08:00:00,810,19448,339,235,104,69,35,114,51,63,45,18,90278,89612
"1138",2017-03-21 09:00:00,810,19449,332,266,66,42,24,92,32,60,40,20,95179,94526
"1139",2017-03-21 10:00:00,810,19450,428,330,98,54,44,137,39,98,66,32,102004,101295
"1140",2017-03-21 11:00:00,810,19451,427,326,101,66,35,356,108,248,167,81,126027,125271
"1141",2017-03-21 12:00:00,810,19452,572,420,152,89,63,644,211,433,293,140,174615,173615
"1142",2017-03-21 13:00:00,810,19453,748,573,175,112,63,1181,396,785,528,257,208285,206989
"1143",2017-03-21 14:00:00,810,19454,908,704,204,129,75,1389,480,909,646,263,216564,215124
"1144",2017-03-21 15:00:00,810,19455,981,736,245,143,102,1797,534,1263,893,370,213410,211930
"1145",2017-03-21 16:00:00,810,19456,1052,823,229,150,79,1935,638,1297,911,386,196360,195067
"1146",2017-03-21 17:00:00,810,19457,570,457,113,67,46,6001,497,5504,3703,1801,209771,208498
"1147",2017-03-21 18:00:00,810,19458,245,205,40,32,8,6185,469,5716,4005,1711,259675,258055
"1148",2017-03-21 19:00:00,810,19459,1194,792,402,290,112,6377,825,5552,4057,1495,207364,205996
"1149",2017-03-21 20:00:00,810,19460,1197,879,318,224,94,2794,690,2104,1515,589,170152,169012
"1150",2017-03-21 21:00:00,810,19461,1319,879,440,319,121,2529,545,1984,1417,567,141336,140361
"1151",2017-03-21 22:00:00,810,19462,1327,828,499,371,128,2756,542,2214,1576,638,119736,119034
"1152",2017-03-21 23:00:00,810,19463,1390,847,543,379,164,2733,573,2160,1562,598,108223,107578
"1153",2017-03-22 00:00:00,811,19464,1455,837,618,443,175,3155,480,2675,2015,660,104492,103882
"1154",2017-03-22 01:00:00,811,19465,1237,740,497,367,130,2128,404,1724,1284,440,100930,100302
"1155",2017-03-22 02:00:00,811,19466,1118,657,461,310,151,1374,251,1123,802,321,94199,93579
"1156",2017-03-22 03:00:00,811,19467,952,597,355,241,114,911,192,719,522,197,88709,88158
"1157",2017-03-22 04:00:00,811,19468,724,463,261,180,81,611,135,476,338,138,81857,81364
"1158",2017-03-22 05:00:00,811,19469,581,370,211,141,70,343,86,257,189,68,78162,77627
"1159",2017-03-22 06:00:00,811,19470,446,307,139,76,63,211,49,162,116,46,83010,82462
"1160",2017-03-22 07:00:00,811,19471,361,274,87,59,28,121,48,73,53,20,87362,86760
"1161",2017-03-22 08:00:00,811,19472,317,240,77,43,34,78,37,41,30,11,89940,89326
"1162",2017-03-22 09:00:00,811,19473,358,291,67,46,21,71,30,41,31,10,94727,93996
"1163",2017-03-22 10:00:00,811,19474,384,296,88,63,25,158,46,112,76,36,100024,99308
"1164",2017-03-22 11:00:00,811,19475,418,319,99,62,37,301,94,207,137,70,117116,116405
"1165",2017-03-22 12:00:00,811,19476,588,465,123,77,46,563,166,397,262,135,152763,151808
"1166",2017-03-22 13:00:00,811,19477,779,626,153,97,56,1057,345,712,488,224,186139,184943
"1167",2017-03-22 14:00:00,811,19478,903,744,159,114,45,1369,482,887,623,264,201646,200229
"1168",2017-03-22 15:00:00,811,19479,1066,867,199,121,78,1653,581,1072,752,320,201104,199649
"1169",2017-03-22 16:00:00,811,19480,1060,840,220,142,78,1831,622,1209,829,380,186966,185690
"1170",2017-03-22 17:00:00,811,19481,1134,911,223,150,73,2054,753,1301,905,396,182638,181411
"1171",2017-03-22 18:00:00,811,19482,1157,878,279,155,124,1986,664,1322,930,392,178673,177438
"1172",2017-03-22 19:00:00,811,19483,1075,718,357,214,143,2384,752,1632,1141,491,168766,167623
"1173",2017-03-22 20:00:00,811,19484,1089,777,312,194,118,2477,748,1729,1260,469,157704,156629
"1174",2017-03-22 21:00:00,811,19485,836,617,219,141,78,2572,653,1919,1389,530,137563,136719
"1175",2017-03-22 22:00:00,811,19486,1011,643,368,236,132,2529,602,1927,1389,538,120399,119607
"1176",2017-03-22 23:00:00,811,19487,1295,825,470,300,170,2491,545,1946,1408,538,108202,107522
"1177",2017-03-23 00:00:00,812,19488,1206,732,474,314,160,2116,430,1686,1235,451,102104,101446
"1178",2017-03-23 01:00:00,812,19489,1091,667,424,284,140,1845,378,1467,1051,416,103518,102946
"1179",2017-03-23 02:00:00,812,19490,953,560,393,255,138,1275,301,974,725,249,97821,97220
"1180",2017-03-23 03:00:00,812,19491,819,498,321,213,108,986,165,821,579,242,90306,89779
"1181",2017-03-23 04:00:00,812,19492,626,390,236,154,82,579,160,419,307,112,83330,82816
"1182",2017-03-23 05:00:00,812,19493,530,351,179,106,73,314,87,227,174,53,79326,78811
"1183",2017-03-23 06:00:00,812,19494,380,265,115,77,38,168,60,108,71,37,86223,85699
"1184",2017-03-23 07:00:00,812,19495,304,233,71,51,20,98,45,53,39,14,91412,90791
"1185",2017-03-23 08:00:00,812,19496,287,217,70,37,33,68,34,34,24,10,95000,94311
"1186",2017-03-23 09:00:00,812,19497,313,239,74,47,27,56,29,27,18,9,98988,98289
"1187",2017-03-23 10:00:00,812,19498,318,267,51,35,16,82,39,43,31,12,106624,105933
"1188",2017-03-23 11:00:00,812,19499,367,291,76,46,30,193,75,118,75,43,136149,135347
"1189",2017-03-23 12:00:00,812,19500,504,411,93,65,28,605,183,422,279,143,191631,190632
"1190",2017-03-23 13:00:00,812,19501,705,581,124,73,51,997,340,657,431,226,227688,226272
"1191",2017-03-23 14:00:00,812,19502,843,668,175,110,65,1120,456,664,458,206,235671,234111
"1192",2017-03-23 15:00:00,812,19503,1001,798,203,129,74,1228,521,707,488,219,231426,229962
"1193",2017-03-23 16:00:00,812,19504,983,803,180,113,67,1642,650,992,701,291,210429,209044
"1194",2017-03-23 17:00:00,812,19505,996,791,205,138,67,1669,614,1055,726,329,204817,203538
"1195",2017-03-23 18:00:00,812,19506,986,780,206,145,61,1731,642,1089,786,303,199224,197935
"1196",2017-03-23 19:00:00,812,19507,1015,759,256,159,97,1978,629,1349,947,402,186794,185573
"1197",2017-03-23 20:00:00,812,19508,1097,769,328,212,116,2265,679,1586,1134,452,171071,169999
"1198",2017-03-23 21:00:00,812,19509,1096,760,336,221,115,2252,605,1647,1181,466,143621,142747
"1199",2017-03-23 22:00:00,812,19510,1085,711,374,259,115,2148,562,1586,1135,451,118462,117717
"1200",2017-03-23 23:00:00,812,19511,1017,639,378,243,135,2033,573,1460,1047,413,104942,104308
"1201",2017-03-24 00:00:00,813,19512,988,620,368,259,109,1748,458,1290,943,347,99324,98742
"1202",2017-03-24 01:00:00,813,19513,1117,653,464,325,139,1642,328,1314,999,315,98506,97915
"1203",2017-03-24 02:00:00,813,19514,973,600,373,261,112,1394,279,1115,836,279,93464,92910
"1204",2017-03-24 03:00:00,813,19515,756,510,246,156,90,801,219,582,435,147,84861,84354
"1205",2017-03-24 04:00:00,813,19516,649,436,213,140,73,477,142,335,246,89,76975,76465
"1206",2017-03-24 05:00:00,813,19517,512,353,159,105,54,266,91,175,128,47,72210,71788
"1207",2017-03-24 06:00:00,813,19518,360,256,104,63,41,69,26,43,31,12,76039,75560
"1208",2017-03-24 07:00:00,813,19519,287,200,87,56,31,137,49,88,63,25,80227,79691
"1209",2017-03-24 08:00:00,813,19520,272,208,64,42,22,76,31,45,29,16,82992,82373
"1210",2017-03-24 09:00:00,813,19521,305,255,50,26,24,77,18,59,42,17,87379,86758
"1211",2017-03-24 10:00:00,813,19522,297,255,42,24,18,101,46,55,35,20,95425,94796
"1212",2017-03-24 11:00:00,813,19523,395,316,79,43,36,228,74,154,101,53,123314,122546
"1213",2017-03-24 12:00:00,813,19524,459,376,83,53,30,499,138,361,249,112,173568,172469
"1214",2017-03-24 13:00:00,813,19525,680,548,132,74,58,1044,329,715,477,238,202715,201348
"1215",2017-03-24 14:00:00,813,19526,773,606,167,81,86,1142,409,733,505,228,207268,205820
"1216",2017-03-24 15:00:00,813,19527,852,704,148,94,54,1470,504,966,666,300,202682,201306
"1217",2017-03-24 16:00:00,813,19528,934,729,205,137,68,1619,646,973,677,296,185523,184237
"1218",2017-03-24 17:00:00,813,19529,1008,811,197,115,82,1840,647,1193,833,360,178714,177480
"1219",2017-03-24 18:00:00,813,19530,990,786,204,138,66,1805,690,1115,767,348,174316,173063
"1220",2017-03-24 19:00:00,813,19531,950,700,250,167,83,2166,774,1392,994,398,156624,155470
"1221",2017-03-24 20:00:00,813,19532,1037,722,315,211,104,2260,650,1610,1128,482,144995,143945
"1222",2017-03-24 21:00:00,813,19533,1019,692,327,223,104,2042,493,1549,1114,435,122772,121916
"1223",2017-03-24 22:00:00,813,19534,1013,656,357,225,132,2188,512,1676,1222,454,102702,101995
"1224",2017-03-24 23:00:00,813,19535,1055,633,422,278,144,1798,405,1393,1026,367,90700,90031
"1225",2017-03-25 00:00:00,814,19536,939,539,400,244,156,1847,360,1487,1085,402,81982,81361
"1226",2017-03-25 01:00:00,814,19537,978,585,393,241,152,1593,340,1253,904,349,78620,78023
"1227",2017-03-25 02:00:00,814,19538,905,511,394,262,132,1225,245,980,713,267,75348,74762
"1228",2017-03-25 03:00:00,814,19539,815,493,322,211,111,977,235,742,549,193,70475,69907
"1229",2017-03-25 04:00:00,814,19540,728,459,269,182,87,639,134,505,376,129,66999,66480
"1230",2017-03-25 05:00:00,814,19541,588,373,215,152,63,423,102,321,245,76,63657,63148
"1231",2017-03-25 06:00:00,814,19542,431,252,179,99,80,260,59,201,153,48,60744,60231
"1232",2017-03-25 07:00:00,814,19543,416,276,140,87,53,134,37,97,74,23,59266,58738
"1233",2017-03-25 08:00:00,814,19544,323,225,98,65,33,82,34,48,37,11,58194,57681
"1234",2017-03-25 09:00:00,814,19545,302,226,76,36,40,62,26,36,26,10,59789,59315
"1235",2017-03-25 10:00:00,814,19546,322,226,96,63,33,96,42,54,35,19,62687,62135
"1236",2017-03-25 11:00:00,814,19547,308,234,74,45,29,166,55,111,76,35,70542,70002
"1237",2017-03-25 12:00:00,814,19548,436,323,113,71,42,410,109,301,203,98,80939,80337
"1238",2017-03-25 13:00:00,814,19549,659,464,195,124,71,966,218,748,517,231,90495,89897
"1239",2017-03-25 14:00:00,814,19550,846,576,270,178,92,1460,292,1168,806,362,99735,99009
"1240",2017-03-25 15:00:00,814,19551,980,658,322,200,122,1672,411,1261,894,367,104413,103706
"1241",2017-03-25 16:00:00,814,19552,1035,706,329,212,117,1769,429,1340,970,370,103557,102781
"1242",2017-03-25 17:00:00,814,19553,1097,695,402,266,136,1874,439,1435,1044,391,104440,103629
"1243",2017-03-25 18:00:00,814,19554,1136,797,339,224,115,2037,517,1520,1091,429,98540,97789
"1244",2017-03-25 19:00:00,814,19555,1021,721,300,215,85,2109,578,1531,1090,441,95310,94620
"1245",2017-03-25 20:00:00,814,19556,1008,664,344,248,96,1895,502,1393,1002,391,90778,90053
"1246",2017-03-25 21:00:00,814,19557,1023,635,388,265,123,1838,455,1383,989,394,83156,82498
"1247",2017-03-25 22:00:00,814,19558,1133,695,438,293,145,1791,388,1403,996,407,78755,78107
"1248",2017-03-25 23:00:00,814,19559,1056,651,405,278,127,1595,375,1220,903,317,74886,74237
"1249",2017-03-26 00:00:00,815,19560,1058,594,464,281,183,1575,324,1251,912,339,72132,71555
"1250",2017-03-26 01:00:00,815,19561,1050,634,416,282,134,1473,284,1189,873,316,71154,70617
"1251",2017-03-26 02:00:00,815,19562,965,539,426,297,129,1213,196,1017,731,286,69722,69184
"1252",2017-03-26 03:00:00,815,19563,854,510,344,239,105,948,149,799,571,228,69528,68968
"1253",2017-03-26 04:00:00,815,19564,706,401,305,197,108,583,104,479,350,129,67898,67367
"1254",2017-03-26 05:00:00,815,19565,572,324,248,154,94,373,76,297,209,88,63518,63016
"1255",2017-03-26 06:00:00,815,19566,403,256,147,85,62,253,52,201,145,56,61197,60695
"1256",2017-03-26 07:00:00,815,19567,347,244,103,56,47,118,36,82,58,24,60232,59728
"1257",2017-03-26 08:00:00,815,19568,296,215,81,50,31,96,38,58,40,18,59425,58968
"1258",2017-03-26 09:00:00,815,19569,253,191,62,42,20,79,39,40,25,15,58432,57901
"1259",2017-03-26 10:00:00,815,19570,295,211,84,47,37,79,29,50,35,15,60907,60434
"1260",2017-03-26 11:00:00,815,19571,297,228,69,42,27,155,51,104,76,28,68072,67558
"1261",2017-03-26 12:00:00,815,19572,376,268,108,70,38,313,83,230,164,66,74640,74087
"1262",2017-03-26 13:00:00,815,19573,552,380,172,100,72,761,153,608,432,176,84464,83896
"1263",2017-03-26 14:00:00,815,19574,694,484,210,135,75,1218,240,978,696,282,91888,91243
"1264",2017-03-26 15:00:00,815,19575,895,632,263,160,103,1429,281,1148,826,322,98548,97791
"1265",2017-03-26 16:00:00,815,19576,996,677,319,202,117,1713,345,1368,967,401,100455,99742
"1266",2017-03-26 17:00:00,815,19577,1027,678,349,234,115,1771,341,1430,1019,411,101198,100443
"1267",2017-03-26 18:00:00,815,19578,1083,725,358,229,129,1846,362,1484,1073,411,100807,100068
"1268",2017-03-26 19:00:00,815,19579,1081,734,347,238,109,1860,444,1416,1041,375,99113,98343
"1269",2017-03-26 20:00:00,815,19580,1050,706,344,231,113,1848,406,1442,1029,413,94132,93405
"1270",2017-03-26 21:00:00,815,19581,1035,660,375,235,140,1750,394,1356,978,378,89165,88479
"1271",2017-03-26 22:00:00,815,19582,1088,697,391,254,137,1805,356,1449,1055,394,84194,83515
"1272",2017-03-26 23:00:00,815,19583,1092,677,415,259,156,1739,394,1345,976,369,83761,83096
"1273",2017-03-27 00:00:00,816,19584,1066,707,359,225,134,1483,326,1157,826,331,91600,90932
"1274",2017-03-27 01:00:00,816,19585,1034,647,387,266,121,1256,263,993,715,278,97764,97001
"1275",2017-03-27 02:00:00,816,19586,853,570,283,187,96,810,151,659,481,178,92088,91367
"1276",2017-03-27 03:00:00,816,19587,724,483,241,170,71,659,113,546,387,159,88631,87906
"1277",2017-03-27 04:00:00,816,19588,610,417,193,124,69,409,90,319,223,96,84644,83967
"1278",2017-03-27 05:00:00,816,19589,497,362,135,87,48,218,63,155,112,43,86058,85415
"1279",2017-03-27 06:00:00,816,19590,329,258,71,40,31,160,55,105,77,28,95719,94944
"1280",2017-03-27 07:00:00,816,19591,301,219,82,55,27,95,38,57,35,22,97686,96852
"1281",2017-03-27 08:00:00,816,19592,312,275,37,23,14,62,29,33,22,11,98772,97846
"1282",2017-03-27 09:00:00,816,19593,281,249,32,18,14,67,27,40,27,13,100561,99690
"1283",2017-03-27 10:00:00,816,19594,317,258,59,40,19,101,40,61,42,19,112244,111426
"1284",2017-03-27 11:00:00,816,19595,383,314,69,46,23,225,92,133,91,42,166774,165983
"1285",2017-03-27 12:00:00,816,19596,456,367,89,55,34,474,153,321,211,110,249314,248033
"1286",2017-03-27 13:00:00,816,19597,703,575,128,81,47,1081,350,731,488,243,277856,276236
"1287",2017-03-27 14:00:00,816,19598,888,735,153,92,61,1312,432,880,591,289,263088,261462
"1288",2017-03-27 15:00:00,816,19599,960,795,165,109,56,1598,552,1046,706,340,249137,247556
"1289",2017-03-27 16:00:00,816,19600,974,792,182,122,60,1857,636,1221,832,389,219451,218053
"1290",2017-03-27 17:00:00,816,19601,1157,961,196,135,61,1879,687,1192,835,357,210855,209568
"1291",2017-03-27 18:00:00,816,19602,1197,975,222,125,97,2113,766,1347,932,415,204119,202791
"1292",2017-03-27 19:00:00,816,19603,1326,1066,260,153,107,2338,756,1582,1104,478,192045,190785
"1293",2017-03-27 20:00:00,816,19604,1267,956,311,189,122,2559,782,1777,1229,548,173685,172518
"1294",2017-03-27 21:00:00,816,19605,1230,873,357,225,132,2616,690,1926,1372,554,144644,143739
"1295",2017-03-27 22:00:00,816,19606,1211,845,366,247,119,2716,574,2142,1525,617,118065,117359
"1296",2017-03-27 23:00:00,816,19607,1148,766,382,274,108,2385,558,1827,1294,533,106270,105612
"1297",2017-03-28 00:00:00,817,19608,1135,739,396,276,120,2153,469,1684,1216,468,100842,100258
"1298",2017-03-28 01:00:00,817,19609,1086,689,397,263,134,1688,440,1248,893,355,99418,98794
"1299",2017-03-28 02:00:00,817,19610,861,596,265,175,90,1089,328,761,552,209,93020,92431
"1300",2017-03-28 03:00:00,817,19611,790,549,241,165,76,747,198,549,377,172,85197,84685
"1301",2017-03-28 04:00:00,817,19612,672,433,239,146,93,522,115,407,291,116,79382,78899
"1302",2017-03-28 05:00:00,817,19613,502,363,139,90,49,289,87,202,147,55,79422,78971
"1303",2017-03-28 06:00:00,817,19614,338,245,93,64,29,162,68,94,68,26,87629,87037
"1304",2017-03-28 07:00:00,817,19615,271,211,60,33,27,72,26,46,35,11,91786,91146
"1305",2017-03-28 08:00:00,817,19616,303,257,46,29,17,83,50,33,22,11,92430,91709
"1306",2017-03-28 09:00:00,817,19617,300,253,47,34,13,60,33,27,18,9,92179,91493
"1307",2017-03-28 10:00:00,817,19618,276,212,64,35,29,105,39,66,48,18,96999,96300
"1308",2017-03-28 11:00:00,817,19619,369,293,76,41,35,195,76,119,80,39,123707,122981
"1309",2017-03-28 12:00:00,817,19620,531,428,103,60,43,610,190,420,277,143,169176,168230
"1310",2017-03-28 13:00:00,817,19621,691,569,122,82,40,1053,341,712,471,241,201405,200138
"1311",2017-03-28 14:00:00,817,19622,866,728,138,96,42,1236,439,797,535,262,208692,207274
"1312",2017-03-28 15:00:00,817,19623,930,748,182,120,62,1592,517,1075,734,341,205099,203664
"1313",2017-03-28 16:00:00,817,19624,951,770,181,118,63,1776,560,1216,820,396,187780,186488
"1314",2017-03-28 17:00:00,817,19625,1022,811,211,130,81,1658,576,1082,751,331,187545,186339
"1315",2017-03-28 18:00:00,817,19626,1063,823,240,144,96,1885,658,1227,865,362,183953,182748
"1316",2017-03-28 19:00:00,817,19627,1105,826,279,174,105,2104,706,1398,978,420,173549,172389
"1317",2017-03-28 20:00:00,817,19628,1101,780,321,206,115,2371,677,1694,1198,496,159487,158397
"1318",2017-03-28 21:00:00,817,19629,998,662,336,222,114,2444,631,1813,1274,539,132821,131935
"1319",2017-03-28 22:00:00,817,19630,1068,710,358,235,123,2157,594,1563,1131,432,110040,109336
"1320",2017-03-28 23:00:00,817,19631,955,639,316,209,107,1953,450,1503,1080,423,99282,98704
"1321",2017-03-29 00:00:00,818,19632,1055,639,416,280,136,1779,408,1371,986,385,95490,94953
"1322",2017-03-29 01:00:00,818,19633,971,623,348,247,101,1438,346,1092,785,307,94871,94254
"1323",2017-03-29 02:00:00,818,19634,878,579,299,201,98,1096,272,824,592,232,89809,89235
"1324",2017-03-29 03:00:00,818,19635,683,432,251,159,92,783,191,592,424,168,84504,84006
"1325",2017-03-29 04:00:00,818,19636,549,388,161,117,44,449,112,337,244,93,78788,78321
"1326",2017-03-29 05:00:00,818,19637,435,295,140,90,50,269,62,207,154,53,77342,76828
"1327",2017-03-29 06:00:00,818,19638,346,264,82,44,38,146,57,89,69,20,85734,85136
"1328",2017-03-29 07:00:00,818,19639,295,220,75,47,28,114,41,73,50,23,91685,91008
"1329",2017-03-29 08:00:00,818,19640,313,252,61,34,27,78,34,44,31,13,91488,90746
"1330",2017-03-29 09:00:00,818,19641,276,213,63,29,34,60,32,28,19,9,90412,89750
"1331",2017-03-29 10:00:00,818,19642,349,290,59,34,25,107,49,58,41,17,93647,93033
"1332",2017-03-29 11:00:00,818,19643,373,321,52,22,30,219,82,137,90,47,112677,111948
"1333",2017-03-29 12:00:00,818,19644,457,368,89,60,29,593,202,391,258,133,149218,148292
"1334",2017-03-29 13:00:00,818,19645,669,537,132,80,52,967,358,609,407,202,180669,179490
"1335",2017-03-29 14:00:00,818,19646,772,641,131,78,53,1199,446,753,495,258,191450,190086
"1336",2017-03-29 15:00:00,818,19647,846,689,157,104,53,1466,525,941,650,291,188015,186708
"1337",2017-03-29 16:00:00,818,19648,836,688,148,92,56,1590,625,965,664,301,173773,172575
"1338",2017-03-29 17:00:00,818,19649,905,708,197,132,65,1636,564,1072,740,332,172998,171824
"1339",2017-03-29 18:00:00,818,19650,970,760,210,138,72,1746,602,1144,800,344,171226,170049
"1340",2017-03-29 19:00:00,818,19651,951,740,211,142,69,1992,699,1293,908,385,162712,161547
"1341",2017-03-29 20:00:00,818,19652,1053,764,289,187,102,2195,685,1510,1060,450,149716,148714
"1342",2017-03-29 21:00:00,818,19653,1002,695,307,210,97,2089,637,1452,1043,409,128194,127331
"1343",2017-03-29 22:00:00,818,19654,1001,645,356,241,115,2102,560,1542,1125,417,107517,106850
"1344",2017-03-29 23:00:00,818,19655,998,630,368,227,141,1934,490,1444,1053,391,95929,95340
"1345",2017-03-30 00:00:00,819,19656,982,631,351,254,97,1727,439,1288,923,365,93992,93409
"1346",2017-03-30 01:00:00,819,19657,1020,649,371,261,110,1424,332,1092,805,287,94639,94092
"1347",2017-03-30 02:00:00,819,19658,819,521,298,200,98,1111,289,822,603,219,90505,89967
"1348",2017-03-30 03:00:00,819,19659,633,432,201,139,62,833,194,639,475,164,86200,85680
"1349",2017-03-30 04:00:00,819,19660,571,377,194,144,50,488,118,370,272,98,81553,81019
"1350",2017-03-30 05:00:00,819,19661,468,333,135,80,55,293,76,217,157,60,81078,80525
"1351",2017-03-30 06:00:00,819,19662,325,224,101,58,43,138,52,86,61,25,90575,89956
"1352",2017-03-30 07:00:00,819,19663,309,238,71,55,16,122,47,75,49,26,94531,93897
"1353",2017-03-30 08:00:00,819,19664,288,238,50,30,20,91,31,60,43,17,94504,93830
"1354",2017-03-30 09:00:00,819,19665,290,225,65,37,28,73,31,42,29,13,92736,92056
"1355",2017-03-30 10:00:00,819,19666,284,226,58,36,22,105,33,72,47,25,97952,97329
"1356",2017-03-30 11:00:00,819,19667,303,248,55,41,14,195,59,136,94,42,129242,128496
"1357",2017-03-30 12:00:00,819,19668,349,289,60,38,22,524,164,360,246,114,184692,183672
"1358",2017-03-30 13:00:00,819,19669,592,486,106,69,37,928,295,633,422,211,218323,216932
"1359",2017-03-30 14:00:00,819,19670,686,567,119,68,51,1074,388,686,479,207,223467,222109
"1360",2017-03-30 15:00:00,819,19671,845,697,148,98,50,1284,491,793,556,237,218365,216957
"1361",2017-03-30 16:00:00,819,19672,854,693,161,106,55,1387,519,868,610,258,198588,197309
"1362",2017-03-30 17:00:00,819,19673,877,697,180,124,56,1657,594,1063,763,300,194054,192813
"1363",2017-03-30 18:00:00,819,19674,940,733,207,128,79,1768,655,1113,777,336,191462,190203
"1364",2017-03-30 19:00:00,819,19675,953,704,249,149,100,1889,674,1215,877,338,179514,178283
"1365",2017-03-30 20:00:00,819,19676,985,682,303,207,96,2050,671,1379,982,397,161891,160793
"1366",2017-03-30 21:00:00,819,19677,967,653,314,213,101,2246,622,1624,1191,433,134721,133849
"1367",2017-03-30 22:00:00,819,19678,951,607,344,220,124,2055,553,1502,1102,400,109425,108739
"1368",2017-03-30 23:00:00,819,19679,904,550,354,234,120,1890,452,1438,1049,389,96582,95996
"1369",2017-03-31 00:00:00,820,19680,961,599,362,241,121,1590,381,1209,917,292,92290,91749
"1370",2017-03-31 01:00:00,820,19681,960,565,395,262,133,1418,297,1121,818,303,91624,91044
"1371",2017-03-31 02:00:00,820,19682,776,483,293,194,99,1017,240,777,581,196,86494,85953
"1372",2017-03-31 03:00:00,820,19683,656,412,244,173,71,656,179,477,355,122,80640,80138
"1373",2017-03-31 04:00:00,820,19684,628,413,215,145,70,548,146,402,288,114,73926,73457
"1374",2017-03-31 05:00:00,820,19685,462,286,176,125,51,304,85,219,158,61,72728,72259
"1375",2017-03-31 06:00:00,820,19686,380,251,129,95,34,153,46,107,79,28,80174,79603
"1376",2017-03-31 07:00:00,820,19687,246,182,64,43,21,128,53,75,55,20,85193,84580
"1377",2017-03-31 08:00:00,820,19688,278,203,75,56,19,69,28,41,27,14,82827,82215
"1378",2017-03-31 09:00:00,820,19689,257,197,60,38,22,74,34,40,29,11,84437,83837
"1379",2017-03-31 10:00:00,820,19690,258,218,40,22,18,110,44,66,39,27,90069,89496
"1380",2017-03-31 11:00:00,820,19691,298,244,54,38,16,243,75,168,114,54,117907,117271
"1381",2017-03-31 12:00:00,820,19692,444,354,90,57,33,531,195,336,234,102,165541,164649
"1382",2017-03-31 13:00:00,820,19693,554,434,120,77,43,939,287,652,432,220,194276,193077
"1383",2017-03-31 14:00:00,820,19694,686,527,159,100,59,1124,386,738,517,221,198050,196811
"1384",2017-03-31 15:00:00,820,19695,725,555,170,119,51,1413,423,990,676,314,192069,190801
"1385",2017-03-31 16:00:00,820,19696,833,634,199,121,78,1602,551,1051,738,313,173821,172653
"1386",2017-03-31 17:00:00,820,19697,854,628,226,140,86,1752,630,1122,783,339,169156,168072
"1387",2017-03-31 18:00:00,820,19698,946,689,257,179,78,1864,697,1167,852,315,166278,165133
"1388",2017-03-31 19:00:00,820,19699,942,680,262,172,90,2144,684,1460,1050,410,154217,153147
"1389",2017-03-31 20:00:00,820,19700,990,688,302,213,89,2262,605,1657,1187,470,138412,137507
"1390",2017-03-31 21:00:00,820,19701,973,613,360,254,106,2184,563,1621,1180,441,114998,114272
"1391",2017-03-31 22:00:00,820,19702,986,629,357,239,118,2227,562,1665,1198,467,94245,93640
"1392",2017-03-31 23:00:00,820,19703,952,561,391,260,131,2051,474,1577,1145,432,82721,82232
"1393",2017-04-01 00:00:00,821,19704,972,543,429,309,120,1699,376,1323,992,331,76670,76201
"1394",2017-04-01 01:00:00,821,19705,1029,568,461,319,142,1453,288,1165,846,319,74498,74051
"1395",2017-04-01 02:00:00,821,19706,945,514,431,287,144,1190,216,974,713,261,71607,71194
"1396",2017-04-01 03:00:00,821,19707,784,429,355,254,101,959,170,789,574,215,68514,68111
"1397",2017-04-01 04:00:00,821,19708,644,372,272,187,85,603,123,480,349,131,63253,62883
"1398",2017-04-01 05:00:00,821,19709,535,343,192,133,59,419,104,315,234,81,61454,61078
"1399",2017-04-01 06:00:00,821,19710,415,277,138,94,44,168,51,117,89,28,60576,60195
"1400",2017-04-01 07:00:00,821,19711,332,226,106,78,28,180,66,114,86,28,60092,59723
"1401",2017-04-01 08:00:00,821,19712,310,219,91,57,34,76,29,47,36,11,58033,57677
"1402",2017-04-01 09:00:00,821,19713,260,198,62,37,25,66,25,41,27,14,61477,61114
"1403",2017-04-01 10:00:00,821,19714,275,201,74,43,31,77,40,37,27,10,64092,63722
"1404",2017-04-01 11:00:00,821,19715,315,225,90,59,31,214,54,160,120,40,69765,69371
"1405",2017-04-01 12:00:00,821,19716,397,293,104,67,37,505,131,374,263,111,79782,79395
"1406",2017-04-01 13:00:00,821,19717,577,384,193,133,60,1059,214,845,580,265,89309,88809
"1407",2017-04-01 14:00:00,821,19718,792,536,256,173,83,1356,288,1068,744,324,97738,97199
"1408",2017-04-01 15:00:00,821,19719,890,568,322,209,113,1530,350,1180,849,331,100167,99564
"1409",2017-04-01 16:00:00,821,19720,932,633,299,209,90,1729,400,1329,962,367,99047,98474
"1410",2017-04-01 17:00:00,821,19721,1012,659,353,262,91,1748,405,1343,967,376,97416,96816
"1411",2017-04-01 18:00:00,821,19722,1000,619,381,296,85,1926,461,1465,1057,408,94282,93690
"1412",2017-04-01 19:00:00,821,19723,871,524,347,262,85,1856,484,1372,997,375,90700,90135
"1413",2017-04-01 20:00:00,821,19724,882,563,319,238,81,1999,420,1579,1133,446,84691,84183
"1414",2017-04-01 21:00:00,821,19725,986,586,400,299,101,1961,403,1558,1114,444,79009,78517
"1415",2017-04-01 22:00:00,821,19726,1017,602,415,310,105,1802,354,1448,1052,396,71454,70997
"1416",2017-04-01 23:00:00,821,19727,672,382,290,232,58,1879,362,1517,1125,392,67780,67358
"1417",2017-04-02 00:00:00,822,19728,973,549,424,330,94,1608,252,1356,979,377,66573,66181
"1418",2017-04-02 01:00:00,822,19729,975,504,471,369,102,1576,256,1320,960,360,66333,65941
"1419",2017-04-02 02:00:00,822,19730,860,491,369,275,94,1238,195,1043,774,269,65996,65597
"1420",2017-04-02 03:00:00,822,19731,744,409,335,257,78,868,127,741,546,195,65864,65504
"1421",2017-04-02 04:00:00,822,19732,641,344,297,225,72,569,96,473,347,126,64806,64434
"1422",2017-04-02 05:00:00,822,19733,564,310,254,174,80,404,69,335,238,97,61716,61333
"1423",2017-04-02 06:00:00,822,19734,416,223,193,135,58,239,59,180,134,46,60545,60203
"1424",2017-04-02 07:00:00,822,19735,349,237,112,75,37,145,41,104,75,29,60010,59647
"1425",2017-04-02 08:00:00,822,19736,280,186,94,67,27,109,27,82,55,27,59068,58734
"1426",2017-04-02 09:00:00,822,19737,243,179,64,50,14,77,29,48,33,15,57612,57291
"1427",2017-04-02 10:00:00,822,19738,273,202,71,52,19,89,30,59,41,18,59373,59007
"1428",2017-04-02 11:00:00,822,19739,329,231,98,71,27,156,38,118,80,38,65651,65296
"1429",2017-04-02 12:00:00,822,19740,368,259,109,83,26,354,80,274,192,82,72206,71838
"1430",2017-04-02 13:00:00,822,19741,568,347,221,163,58,845,157,688,479,209,81512,81038
"1431",2017-04-02 14:00:00,822,19742,759,464,295,204,91,1378,213,1165,822,343,89118,88638
"1432",2017-04-02 15:00:00,822,19743,918,572,346,257,89,1364,262,1102,784,318,92446,91924
"1433",2017-04-02 16:00:00,822,19744,897,587,310,238,72,1581,308,1273,926,347,94090,93567
"1434",2017-04-02 17:00:00,822,19745,967,589,378,288,90,1699,317,1382,979,403,94477,93924
"1435",2017-04-02 18:00:00,822,19746,1046,639,407,299,108,1702,357,1345,978,367,92525,91956
"1436",2017-04-02 19:00:00,822,19747,989,604,385,300,85,1726,397,1329,971,358,90527,89967
"1437",2017-04-02 20:00:00,822,19748,982,617,365,259,106,1748,345,1403,1014,389,86642,86130
"1438",2017-04-02 21:00:00,822,19749,993,611,382,261,121,1754,316,1438,1031,407,80945,80447
"1439",2017-04-02 22:00:00,822,19750,957,586,371,256,115,1698,296,1402,1012,390,77996,77541
"1440",2017-04-02 23:00:00,822,19751,1015,605,410,293,117,1701,287,1414,997,417,78361,77896
"1441",2017-04-03 00:00:00,823,19752,1065,639,426,305,121,1440,243,1197,866,331,85221,84714
"1442",2017-04-03 01:00:00,823,19753,940,571,369,278,91,1227,212,1015,737,278,90827,90241
"1443",2017-04-03 02:00:00,823,19754,774,487,287,199,88,788,152,636,445,191,86359,85811
"1444",2017-04-03 03:00:00,823,19755,644,421,223,155,68,509,118,391,296,95,84775,84230
"1445",2017-04-03 04:00:00,823,19756,560,348,212,150,62,311,71,240,179,61,83791,83308
"1446",2017-04-03 05:00:00,823,19757,412,281,131,93,38,177,42,135,96,39,84128,83612
"1447",2017-04-03 06:00:00,823,19758,315,233,82,61,21,138,47,91,67,24,94936,94292
"1448",2017-04-03 07:00:00,823,19759,267,222,45,28,17,75,25,50,38,12,99482,98813
"1449",2017-04-03 08:00:00,823,19760,264,213,51,37,14,55,25,30,24,6,98796,98082
"1450",2017-04-03 09:00:00,823,19761,295,246,49,39,10,60,27,33,25,8,102026,101255
"1451",2017-04-03 10:00:00,823,19762,280,233,47,24,23,104,33,71,50,21,115070,114304
"1452",2017-04-03 11:00:00,823,19763,304,253,51,25,26,253,65,188,123,65,167775,166905
"1453",2017-04-03 12:00:00,823,19764,432,363,69,46,23,692,169,523,345,178,247349,246115
"1454",2017-04-03 13:00:00,823,19765,690,566,124,83,41,1136,287,849,563,286,275144,273593
"1455",2017-04-03 14:00:00,823,19766,771,606,165,110,55,1222,408,814,553,261,262747,261146
"1456",2017-04-03 15:00:00,823,19767,844,688,156,110,46,1487,505,982,668,314,247924,246379
"1457",2017-04-03 16:00:00,823,19768,956,760,196,144,52,1589,532,1057,711,346,215831,214389
"1458",2017-04-03 17:00:00,823,19769,919,695,224,140,84,1725,522,1203,824,379,204367,203071
"1459",2017-04-03 18:00:00,823,19770,888,698,190,129,61,1845,622,1223,856,367,196547,195231
"1460",2017-04-03 19:00:00,823,19771,964,694,270,195,75,2010,639,1371,953,418,185406,184207
"1461",2017-04-03 20:00:00,823,19772,1108,822,286,203,83,2193,603,1590,1097,493,168346,167221
"1462",2017-04-03 21:00:00,823,19773,983,689,294,183,111,2452,562,1890,1310,580,137102,136308
"1463",2017-04-03 22:00:00,823,19774,1089,653,436,312,124,2218,551,1667,1182,485,114720,114004
"1464",2017-04-03 23:00:00,823,19775,1101,685,416,293,123,1981,444,1537,1108,429,102420,101806
"1465",2017-04-04 00:00:00,824,19776,932,574,358,236,122,1759,340,1419,1006,413,96024,95475
"1466",2017-04-04 01:00:00,824,19777,928,563,365,241,124,1455,268,1187,857,330,93423,92854
"1467",2017-04-04 02:00:00,824,19778,829,499,330,209,121,921,222,699,508,191,88685,88107
"1468",2017-04-04 03:00:00,824,19779,699,460,239,174,65,667,148,519,368,151,81869,81354
"1469",2017-04-04 04:00:00,824,19780,550,355,195,117,78,448,112,336,245,91,79488,78979
"1470",2017-04-04 05:00:00,824,19781,433,289,144,93,51,263,63,200,142,58,80054,79483
"1471",2017-04-04 06:00:00,824,19782,364,254,110,66,44,174,59,115,76,39,88533,87883
"1472",2017-04-04 07:00:00,824,19783,297,217,80,50,30,91,32,59,42,17,93510,92805
"1473",2017-04-04 08:00:00,824,19784,300,237,63,41,22,51,24,27,18,9,94026,93274
"1474",2017-04-04 09:00:00,824,19785,316,266,50,37,13,80,39,41,27,14,94803,94105
"1475",2017-04-04 10:00:00,824,19786,302,240,62,40,22,121,51,70,51,19,98721,98004
"1476",2017-04-04 11:00:00,824,19787,352,285,67,40,27,209,70,139,92,47,125982,125228
"1477",2017-04-04 12:00:00,824,19788,455,355,100,61,39,573,155,418,289,129,171960,170942
"1478",2017-04-04 13:00:00,824,19789,656,542,114,76,38,1066,310,756,519,237,203429,202184
"1479",2017-04-04 14:00:00,824,19790,735,583,152,98,54,1243,464,779,535,244,210428,209049
"1480",2017-04-04 15:00:00,824,19791,853,664,189,116,73,1557,487,1070,726,344,205892,204518
"1481",2017-04-04 16:00:00,824,19792,864,669,195,118,77,1615,566,1049,706,343,186698,185439
"1482",2017-04-04 17:00:00,824,19793,862,669,193,127,66,1633,521,1112,758,354,182222,181030
"1483",2017-04-04 18:00:00,824,19794,983,732,251,173,78,1727,567,1160,798,362,179536,178313
"1484",2017-04-04 19:00:00,824,19795,1006,736,270,180,90,1901,539,1362,959,403,167264,166123
"1485",2017-04-04 20:00:00,824,19796,1085,770,315,206,109,2079,582,1497,1077,420,153879,152866
"1486",2017-04-04 21:00:00,824,19797,1112,708,404,308,96,2250,499,1751,1277,474,129844,129036
"1487",2017-04-04 22:00:00,824,19798,1137,667,470,386,84,2431,457,1974,1457,517,107714,107026
"1488",2017-04-04 23:00:00,824,19799,1051,640,411,295,116,1964,416,1548,1108,440,97782,97206
"1489",2017-04-05 00:00:00,825,19800,1015,652,363,259,104,1669,337,1332,951,381,94027,93474
"1490",2017-04-05 01:00:00,825,19801,993,613,380,249,131,1391,276,1115,808,307,95081,94545
"1491",2017-04-05 02:00:00,825,19802,841,528,313,226,87,1009,207,802,580,222,89940,89354
"1492",2017-04-05 03:00:00,825,19803,656,450,206,145,61,676,145,531,389,142,85183,84658
"1493",2017-04-05 04:00:00,825,19804,577,383,194,132,62,462,105,357,249,108,81217,80695
"1494",2017-04-05 05:00:00,825,19805,436,301,135,90,45,254,73,181,128,53,80876,80371
"1495",2017-04-05 06:00:00,825,19806,350,247,103,56,47,171,53,118,85,33,90781,90136
"1496",2017-04-05 07:00:00,825,19807,313,220,93,65,28,92,30,62,45,17,95132,94375
"1497",2017-04-05 08:00:00,825,19808,306,247,59,46,13,72,26,46,32,14,95697,94959
"1498",2017-04-05 09:00:00,825,19809,282,228,54,35,19,82,35,47,31,16,95860,95074
"1499",2017-04-05 10:00:00,825,19810,315,234,81,45,36,97,56,41,26,15,97278,96538
"1500",2017-04-05 11:00:00,825,19811,337,276,61,39,22,204,75,129,81,48,117364,116551
"1501",2017-04-05 12:00:00,825,19812,446,364,82,53,29,591,187,404,270,134,151518,150478
"1502",2017-04-05 13:00:00,825,19813,628,529,99,71,28,1022,306,716,465,251,181370,180092
"1503",2017-04-05 14:00:00,825,19814,739,602,137,91,46,1291,425,866,599,267,192056,190676
"1504",2017-04-05 15:00:00,825,19815,815,644,171,103,68,1400,459,941,636,305,190209,188758
"1505",2017-04-05 16:00:00,825,19816,905,727,178,111,67,1510,510,1000,687,313,174360,173088
"1506",2017-04-05 17:00:00,825,19817,929,705,224,145,79,1715,596,1119,760,359,173206,171929
"1507",2017-04-05 18:00:00,825,19818,920,704,216,135,81,1798,575,1223,836,387,171280,169922
"1508",2017-04-05 19:00:00,825,19819,972,734,238,160,78,1849,607,1242,878,364,166479,165184
"1509",2017-04-05 20:00:00,825,19820,1051,752,299,208,91,2011,538,1473,1056,417,155174,154052
"1510",2017-04-05 21:00:00,825,19821,981,662,319,211,108,2021,461,1560,1116,444,126485,125630
"1511",2017-04-05 22:00:00,825,19822,1032,651,381,279,102,1991,436,1555,1104,451,106301,105588
"1512",2017-04-05 23:00:00,825,19823,1050,644,406,274,132,1868,439,1429,1011,418,96209,95606
"1513",2017-04-06 00:00:00,826,19824,1070,667,403,283,120,1690,370,1320,950,370,93090,92546
"1514",2017-04-06 01:00:00,826,19825,1034,625,409,275,134,1279,257,1022,727,295,93845,93243
"1515",2017-04-06 02:00:00,826,19826,860,562,298,202,96,1031,229,802,580,222,89639,89036
"1516",2017-04-06 03:00:00,826,19827,786,522,264,182,82,684,159,525,378,147,85091,84605
"1517",2017-04-06 04:00:00,826,19828,706,487,219,139,80,516,118,398,294,104,81950,81439
"1518",2017-04-06 05:00:00,826,19829,494,356,138,86,52,261,73,188,135,53,83970,83456
"1519",2017-04-06 06:00:00,826,19830,379,291,88,62,26,141,44,97,74,23,92256,91590
"1520",2017-04-06 07:00:00,826,19831,336,257,79,52,27,100,38,62,43,19,97227,96541
"1521",2017-04-06 08:00:00,826,19832,290,241,49,40,9,75,46,29,19,10,97539,96816
"1522",2017-04-06 09:00:00,826,19833,313,264,49,35,14,51,40,11,9,2,98793,98031
"1523",2017-04-06 10:00:00,826,19834,298,241,57,49,8,102,40,62,39,23,109820,109137
"1524",2017-04-06 11:00:00,826,19835,344,274,70,44,26,181,67,114,79,35,140137,139350
"1525",2017-04-06 12:00:00,826,19836,429,335,94,52,42,511,170,341,237,104,192998,192000
"1526",2017-04-06 13:00:00,826,19837,582,487,95,62,33,952,297,655,439,216,227259,225969
"1527",2017-04-06 14:00:00,826,19838,709,594,115,73,42,1173,412,761,517,244,233571,232148
"1528",2017-04-06 15:00:00,826,19839,849,700,149,90,59,1413,471,942,664,278,227974,226548
"1529",2017-04-06 16:00:00,826,19840,918,747,171,107,64,1498,487,1011,689,322,208092,206792
"1530",2017-04-06 17:00:00,826,19841,865,667,198,126,72,1527,520,1007,683,324,203955,202661
"1531",2017-04-06 18:00:00,826,19842,962,744,218,143,75,1660,563,1097,772,325,201401,200087
"1532",2017-04-06 19:00:00,826,19843,969,724,245,165,80,1709,574,1135,815,320,187724,186529
"1533",2017-04-06 20:00:00,826,19844,998,694,304,210,94,2062,606,1456,1040,416,174571,173513
"1534",2017-04-06 21:00:00,826,19845,1054,715,339,240,99,2087,492,1595,1132,463,144473,143637
"1535",2017-04-06 22:00:00,826,19846,1175,750,425,291,134,2236,468,1768,1306,462,118955,118282
"1536",2017-04-06 23:00:00,826,19847,1217,791,426,319,107,2316,400,1916,1401,515,107974,107348
"1537",2017-04-07 00:00:00,827,19848,1206,754,452,335,117,1983,349,1634,1197,437,102430,101868
"1538",2017-04-07 01:00:00,827,19849,1250,753,497,361,136,1476,284,1192,887,305,102214,101605
"1539",2017-04-07 02:00:00,827,19850,977,626,351,252,99,971,227,744,534,210,96021,95484
"1540",2017-04-07 03:00:00,827,19851,805,507,298,200,98,772,152,620,446,174,89429,88890
"1541",2017-04-07 04:00:00,827,19852,622,396,226,162,64,470,98,372,262,110,82238,81756
"1542",2017-04-07 05:00:00,827,19853,398,277,121,72,49,255,66,189,136,53,81771,81303
"1543",2017-04-07 06:00:00,827,19854,307,230,77,52,25,166,37,129,88,41,89410,88875
"1544",2017-04-07 07:00:00,827,19855,117,81,36,25,11,104,33,71,52,19,92924,92354
"1545",2017-04-07 08:00:00,827,19856,282,210,72,49,23,64,38,26,18,8,92530,91935
"1546",2017-04-07 09:00:00,827,19857,259,196,63,42,21,61,31,30,19,11,93404,92800
"1547",2017-04-07 10:00:00,827,19858,259,208,51,29,22,141,36,105,72,33,97974,97400
"1548",2017-04-07 11:00:00,827,19859,293,242,51,35,16,257,72,185,128,57,126835,126182
"1549",2017-04-07 12:00:00,827,19860,277,220,57,35,22,606,194,412,270,142,172421,171488
"1550",2017-04-07 13:00:00,827,19861,603,474,129,82,47,963,282,681,468,213,200198,199010
"1551",2017-04-07 14:00:00,827,19862,753,609,144,103,41,1147,392,755,507,248,204809,203518
"1552",2017-04-07 15:00:00,827,19863,802,636,166,89,77,1415,494,921,628,293,199125,197856
"1553",2017-04-07 16:00:00,827,19864,787,612,175,109,66,1428,451,977,681,296,181256,180118
"1554",2017-04-07 17:00:00,827,19865,826,648,178,118,60,1584,557,1027,709,318,175875,174808
"1555",2017-04-07 18:00:00,827,19866,873,669,204,143,61,1650,527,1123,791,332,171532,170456
"1556",2017-04-07 19:00:00,827,19867,862,610,252,168,84,1730,515,1215,878,337,155167,154095
"1557",2017-04-07 20:00:00,827,19868,949,648,301,208,93,2194,508,1686,1180,506,137949,137092
"1558",2017-04-07 21:00:00,827,19869,895,594,301,200,101,2358,466,1892,1333,559,114148,113437
"1559",2017-04-07 22:00:00,827,19870,952,605,347,223,124,1927,396,1531,1095,436,93697,93094
"1560",2017-04-07 23:00:00,827,19871,932,565,367,245,122,1789,383,1406,975,431,81802,81287
"1561",2017-04-08 00:00:00,828,19872,937,523,414,292,122,1691,373,1318,940,378,74796,74369
"1562",2017-04-08 01:00:00,828,19873,976,557,419,301,118,1412,248,1164,849,315,72809,72410
"1563",2017-04-08 02:00:00,828,19874,900,512,388,281,107,1095,186,909,666,243,71025,70616
"1564",2017-04-08 03:00:00,828,19875,757,440,317,197,120,765,158,607,433,174,69105,68704
"1565",2017-04-08 04:00:00,828,19876,606,360,246,178,68,589,132,457,335,122,65435,65038
"1566",2017-04-08 05:00:00,828,19877,493,304,189,124,65,332,95,237,171,66,62509,62139
"1567",2017-04-08 06:00:00,828,19878,386,251,135,88,47,216,57,159,120,39,60808,60406
"1568",2017-04-08 07:00:00,828,19879,301,210,91,48,43,98,49,49,36,13,61615,61250
"1569",2017-04-08 08:00:00,828,19880,282,205,77,55,22,74,31,43,29,14,59530,59170
"1570",2017-04-08 09:00:00,828,19881,269,194,75,49,26,67,39,28,19,9,59690,59334
"1571",2017-04-08 10:00:00,828,19882,287,212,75,43,32,87,29,58,40,18,62084,61715
"1572",2017-04-08 11:00:00,828,19883,323,249,74,50,24,205,58,147,101,46,69418,69050
"1573",2017-04-08 12:00:00,828,19884,412,314,98,59,39,407,111,296,198,98,79360,78952
"1574",2017-04-08 13:00:00,828,19885,589,392,197,126,71,915,174,741,507,234,89032,88550
"1575",2017-04-08 14:00:00,828,19886,753,512,241,159,82,1283,263,1020,723,297,96004,95471
"1576",2017-04-08 15:00:00,828,19887,835,582,253,152,101,1444,283,1161,806,355,98346,97776
"1577",2017-04-08 16:00:00,828,19888,904,614,290,175,115,1427,325,1102,769,333,96842,96231
"1578",2017-04-08 17:00:00,828,19889,947,641,306,199,107,1497,413,1084,773,311,94496,93913
"1579",2017-04-08 18:00:00,828,19890,883,567,316,199,117,1530,339,1191,839,352,91376,90770
"1580",2017-04-08 19:00:00,828,19891,920,573,347,228,119,1657,375,1282,928,354,86876,86370
"1581",2017-04-08 20:00:00,828,19892,896,583,313,211,102,1723,374,1349,973,376,81389,80872
"1582",2017-04-08 21:00:00,828,19893,994,544,450,300,150,1580,371,1209,879,330,74898,74413
"1583",2017-04-08 22:00:00,828,19894,1052,584,468,324,144,1698,374,1324,963,361,69872,69463
"1584",2017-04-08 23:00:00,828,19895,1000,577,423,303,120,1649,317,1332,976,356,66462,66072
"1585",2017-04-09 00:00:00,829,19896,969,547,422,275,147,1427,255,1172,866,306,64924,64527
"1586",2017-04-09 01:00:00,829,19897,988,571,417,295,122,1427,194,1233,888,345,65324,64926
"1587",2017-04-09 02:00:00,829,19898,919,538,381,262,119,1095,201,894,650,244,65137,64752
"1588",2017-04-09 03:00:00,829,19899,828,497,331,239,92,730,134,596,443,153,66165,65838
"1589",2017-04-09 04:00:00,829,19900,706,416,290,202,88,490,84,406,299,107,64529,64136
"1590",2017-04-09 05:00:00,829,19901,533,310,223,135,88,322,103,219,159,60,62602,62219
"1591",2017-04-09 06:00:00,829,19902,375,229,146,92,54,218,87,131,92,39,59694,59325
"1592",2017-04-09 07:00:00,829,19903,294,198,96,48,48,82,43,39,31,8,60295,59928
"1593",2017-04-09 08:00:00,829,19904,260,177,83,45,38,78,39,39,29,10,58631,58258
"1594",2017-04-09 09:00:00,829,19905,235,176,59,35,24,67,41,26,19,7,58421,58071
"1595",2017-04-09 10:00:00,829,19906,220,172,48,30,18,89,38,51,35,16,59512,59161
"1596",2017-04-09 11:00:00,829,19907,290,240,50,40,10,136,53,83,57,26,65216,64853
"1597",2017-04-09 12:00:00,829,19908,384,289,95,67,28,285,70,215,156,59,71461,71036
"1598",2017-04-09 13:00:00,829,19909,523,356,167,113,54,711,117,594,406,188,78739,78281
"1599",2017-04-09 14:00:00,829,19910,656,452,204,128,76,1124,211,913,636,277,86082,85567
"1600",2017-04-09 15:00:00,829,19911,746,498,248,157,91,1213,242,971,682,289,87973,87515
"1601",2017-04-09 16:00:00,829,19912,855,537,318,208,110,1365,248,1117,786,331,89843,89317
"1602",2017-04-09 17:00:00,829,19913,823,546,277,168,109,1398,247,1151,816,335,89504,88933
"1603",2017-04-09 18:00:00,829,19914,838,520,318,218,100,1527,337,1190,848,342,87227,86684
"1604",2017-04-09 19:00:00,829,19915,861,555,306,195,111,1460,339,1121,812,309,85665,85140
"1605",2017-04-09 20:00:00,829,19916,866,582,284,181,103,1434,330,1104,812,292,82191,81680
"1606",2017-04-09 21:00:00,829,19917,815,534,281,193,88,1434,305,1129,813,316,77343,76893
"1607",2017-04-09 22:00:00,829,19918,803,532,271,184,87,1323,267,1056,782,274,73445,72994
"1608",2017-04-09 23:00:00,829,19919,816,511,305,192,113,1328,249,1079,791,288,75024,74617
"1609",2017-04-10 00:00:00,830,19920,911,554,357,252,105,1320,239,1081,778,303,85681,85170
"1610",2017-04-10 01:00:00,830,19921,912,552,360,250,110,1052,196,856,638,218,93032,92432
"1611",2017-04-10 02:00:00,830,19922,839,512,327,243,84,745,162,583,417,166,88077,87526
"1612",2017-04-10 03:00:00,830,19923,663,453,210,152,58,493,115,378,266,112,83882,83356
"1613",2017-04-10 04:00:00,830,19924,523,370,153,104,49,335,72,263,181,82,82771,82267
"1614",2017-04-10 05:00:00,830,19925,445,311,134,82,52,218,81,137,97,40,84877,84347
"1615",2017-04-10 06:00:00,830,19926,349,256,93,61,32,108,48,60,46,14,94088,93488
"1616",2017-04-10 07:00:00,830,19927,295,222,73,40,33,84,45,39,27,12,97655,96981
"1617",2017-04-10 08:00:00,830,19928,331,268,63,34,29,43,19,24,17,7,97053,96293
"1618",2017-04-10 09:00:00,830,19929,289,250,39,30,9,44,27,17,11,6,98756,98060
"1619",2017-04-10 10:00:00,830,19930,305,253,52,35,17,103,54,49,32,17,109518,108848
"1620",2017-04-10 11:00:00,830,19931,358,302,56,32,24,211,60,151,101,50,161544,160786
"1621",2017-04-10 12:00:00,830,19932,446,374,72,47,25,534,158,376,247,129,238575,237388
"1622",2017-04-10 13:00:00,830,19933,637,522,115,71,44,984,283,701,474,227,262773,261236
"1623",2017-04-10 14:00:00,830,19934,722,605,117,81,36,1171,417,754,516,238,251181,249598
"1624",2017-04-10 15:00:00,830,19935,858,683,175,106,69,1362,482,880,617,263,236818,235295
"1625",2017-04-10 16:00:00,830,19936,863,670,193,119,74,1539,488,1051,715,336,206590,205241
"1626",2017-04-10 17:00:00,830,19937,875,704,171,102,69,1681,568,1113,768,345,196723,195489
"1627",2017-04-10 18:00:00,830,19938,907,691,216,142,74,1731,599,1132,795,337,192080,190814
"1628",2017-04-10 19:00:00,830,19939,980,718,262,157,105,1749,575,1174,817,357,181276,180070
"1629",2017-04-10 20:00:00,830,19940,927,680,247,156,91,1838,556,1282,910,372,163095,161976
"1630",2017-04-10 21:00:00,830,19941,957,657,300,175,125,1959,512,1447,1015,432,133867,132972
"1631",2017-04-10 22:00:00,830,19942,915,603,312,200,112,2069,467,1602,1140,462,110232,109566
"1632",2017-04-10 23:00:00,830,19943,956,577,379,248,131,1798,402,1396,1003,393,98709,98069
"1633",2017-04-11 00:00:00,831,19944,1006,648,358,248,110,1546,389,1157,843,314,96513,95912
"1634",2017-04-11 01:00:00,831,19945,945,576,369,255,114,1263,271,992,709,283,97826,97199
"1635",2017-04-11 02:00:00,831,19946,856,557,299,210,89,957,239,718,509,209,92633,92049
"1636",2017-04-11 03:00:00,831,19947,659,443,216,143,73,661,173,488,351,137,88408,87861
"1637",2017-04-11 04:00:00,831,19948,585,383,202,124,78,437,101,336,249,87,81863,81366
"1638",2017-04-11 05:00:00,831,19949,445,292,153,83,70,226,72,154,103,51,81492,80975
"1639",2017-04-11 06:00:00,831,19950,338,210,128,77,51,143,57,86,65,21,91379,90809
"1640",2017-04-11 07:00:00,831,19951,302,236,66,47,19,94,50,44,32,12,96581,95949
"1641",2017-04-11 08:00:00,831,19952,321,251,70,39,31,45,21,24,15,9,97022,96260
"1642",2017-04-11 09:00:00,831,19953,301,257,44,27,17,74,32,42,29,13,97501,96767
"1643",2017-04-11 10:00:00,831,19954,302,244,58,36,22,90,41,49,31,18,101404,100695
"1644",2017-04-11 11:00:00,831,19955,334,276,58,34,24,230,69,161,106,55,127271,126507
"1645",2017-04-11 12:00:00,831,19956,465,384,81,49,32,520,152,368,254,114,170656,169680
"1646",2017-04-11 13:00:00,831,19957,609,481,128,78,50,938,279,659,450,209,202538,201220
"1647",2017-04-11 14:00:00,831,19958,723,570,153,85,68,1139,407,732,495,237,210097,208673
"1648",2017-04-11 15:00:00,831,19959,877,700,177,104,73,1291,416,875,612,263,205311,203967
"1649",2017-04-11 16:00:00,831,19960,885,647,238,155,83,1540,482,1058,744,314,187626,186285
"1650",2017-04-11 17:00:00,831,19961,939,693,246,178,68,1769,493,1276,894,382,183743,182448
"1651",2017-04-11 18:00:00,831,19962,982,694,288,211,77,1845,556,1289,932,357,187991,186683
"1652",2017-04-11 19:00:00,831,19963,973,687,286,206,80,2170,554,1616,1172,444,179575,178292
"1653",2017-04-11 20:00:00,831,19964,962,642,320,239,81,2335,575,1760,1284,476,165835,164683
"1654",2017-04-11 21:00:00,831,19965,1001,609,392,292,100,2329,536,1793,1307,486,143198,142258
"1655",2017-04-11 22:00:00,831,19966,1024,627,397,311,86,2363,439,1924,1409,515,122315,121533
"1656",2017-04-11 23:00:00,831,19967,981,598,383,326,57,2338,424,1914,1391,523,112754,112013
"1657",2017-04-12 00:00:00,832,19968,1198,680,518,377,141,1999,357,1642,1197,445,110094,109335
"1658",2017-04-12 01:00:00,832,19969,1120,616,504,384,120,1722,263,1459,1056,403,110800,110028
"1659",2017-04-12 02:00:00,832,19970,983,561,422,337,85,1239,197,1042,761,281,107380,106616
"1660",2017-04-12 03:00:00,832,19971,918,545,373,294,79,832,163,669,480,189,101332,100607
"1661",2017-04-12 04:00:00,832,19972,708,440,268,191,77,608,112,496,357,139,96475,95851
"1662",2017-04-12 05:00:00,832,19973,506,336,170,118,52,303,71,232,173,59,95407,94739
"1663",2017-04-12 06:00:00,832,19974,477,324,153,106,47,224,50,174,126,48,101866,101179
"1664",2017-04-12 07:00:00,832,19975,322,233,89,70,19,134,32,102,74,28,108231,107421
"1665",2017-04-12 08:00:00,832,19976,290,234,56,41,15,73,33,40,30,10,109015,108158
"1666",2017-04-12 09:00:00,832,19977,302,256,46,34,12,69,31,38,26,12,109002,108184
"1667",2017-04-12 10:00:00,832,19978,339,286,53,36,17,133,46,87,56,31,113058,112299
"1668",2017-04-12 11:00:00,832,19979,349,283,66,48,18,277,77,200,136,64,135845,134891
"1669",2017-04-12 12:00:00,832,19980,475,392,83,62,21,606,186,420,282,138,176422,175298
"1670",2017-04-12 13:00:00,832,19981,630,509,121,93,28,1155,325,830,582,248,207578,206194
"1671",2017-04-12 14:00:00,832,19982,765,605,160,122,38,1284,435,849,587,262,217784,216257
"1672",2017-04-12 15:00:00,832,19983,868,661,207,155,52,1585,464,1121,762,359,215733,214194
"1673",2017-04-12 16:00:00,832,19984,909,684,225,161,64,1657,578,1079,747,332,198948,197600
"1674",2017-04-12 17:00:00,832,19985,963,718,245,181,64,1745,565,1180,830,350,192414,191019
"1675",2017-04-12 18:00:00,832,19986,1049,763,286,184,102,1828,618,1210,866,344,188931,187587
"1676",2017-04-12 19:00:00,832,19987,1034,721,313,243,70,2094,643,1451,1047,404,181264,179976
"1677",2017-04-12 20:00:00,832,19988,1066,709,357,247,110,2375,629,1746,1260,486,163771,162620
"1678",2017-04-12 21:00:00,832,19989,1083,674,409,289,120,2453,624,1829,1296,533,148544,147592
"1679",2017-04-12 22:00:00,832,19990,1184,710,474,324,150,2226,526,1700,1221,479,130698,129833
"1680",2017-04-12 23:00:00,832,19991,1120,653,467,347,120,2292,549,1743,1288,455,119245,118462
"1681",2017-04-13 00:00:00,833,19992,1319,744,575,376,199,1857,452,1405,1035,370,117892,117159
"1682",2017-04-13 01:00:00,833,19993,1264,686,578,399,179,1669,388,1281,925,356,119015,118244
"1683",2017-04-13 02:00:00,833,19994,1065,623,442,298,144,1318,309,1009,730,279,111486,110752
"1684",2017-04-13 03:00:00,833,19995,889,499,390,286,104,843,240,603,424,179,103303,102620
"1685",2017-04-13 04:00:00,833,19996,728,437,291,205,86,582,149,433,313,120,96696,96085
"1686",2017-04-13 05:00:00,833,19997,548,314,234,154,80,331,99,232,171,61,96282,95659
"1687",2017-04-13 06:00:00,833,19998,419,274,145,96,49,195,73,122,90,32,101718,101027
"1688",2017-04-13 07:00:00,833,19999,335,224,111,75,36,98,53,45,37,8,106503,105691
"1689",2017-04-13 08:00:00,833,20000,333,252,81,51,30,74,37,37,29,8,104056,103297
"1690",2017-04-13 09:00:00,833,20001,334,268,66,42,24,68,40,28,21,7,106075,105320
"1691",2017-04-13 10:00:00,833,20002,315,250,65,40,25,102,57,45,32,13,111457,110710
"1692",2017-04-13 11:00:00,833,20003,350,284,66,42,24,272,130,142,105,37,145465,144661
"1693",2017-04-13 12:00:00,833,20004,451,354,97,68,29,722,243,479,321,158,202356,201265
"1694",2017-04-13 13:00:00,833,20005,653,523,130,98,32,1169,414,755,509,246,236308,234827
"1695",2017-04-13 14:00:00,833,20006,748,600,148,103,45,1317,495,822,570,252,238482,236989
"1696",2017-04-13 15:00:00,833,20007,906,705,201,141,60,1568,636,932,657,275,231583,230024
"1697",2017-04-13 16:00:00,833,20008,955,705,250,155,95,1594,598,996,681,315,208744,207372
"1698",2017-04-13 17:00:00,833,20009,918,670,248,176,72,1772,665,1107,766,341,201406,200067
"1699",2017-04-13 18:00:00,833,20010,989,712,277,195,82,1782,643,1139,810,329,196161,194863
"1700",2017-04-13 19:00:00,833,20011,987,698,289,204,85,2108,622,1486,1023,463,183839,182578
"1701",2017-04-13 20:00:00,833,20012,1163,776,387,250,137,2277,652,1625,1161,464,169669,168540
"1702",2017-04-13 21:00:00,833,20013,1135,714,421,273,148,2263,538,1725,1248,477,143145,142289
"1703",2017-04-13 22:00:00,833,20014,1148,656,492,342,150,2391,443,1948,1418,530,120058,119314
"1704",2017-04-13 23:00:00,833,20015,1105,627,478,325,153,2222,433,1789,1322,467,106218,105586
"1705",2017-04-14 00:00:00,834,20016,1193,663,530,347,183,1812,359,1453,1082,371,99968,99331
"1706",2017-04-14 01:00:00,834,20017,1238,702,536,377,159,1617,311,1306,969,337,99393,98798
"1707",2017-04-14 02:00:00,834,20018,957,537,420,301,119,1249,248,1001,712,289,93883,93274
"1708",2017-04-14 03:00:00,834,20019,947,565,382,278,104,923,177,746,545,201,86562,86026
"1709",2017-04-14 04:00:00,834,20020,728,405,323,239,84,558,127,431,307,124,78236,77772
"1710",2017-04-14 05:00:00,834,20021,609,370,239,156,83,357,79,278,192,86,74446,74011
"1711",2017-04-14 06:00:00,834,20022,441,272,169,92,77,157,41,116,83,33,76151,75706
"1712",2017-04-14 07:00:00,834,20023,344,204,140,85,55,98,39,59,44,15,77533,77069
"1713",2017-04-14 08:00:00,834,20024,309,205,104,53,51,81,33,48,36,12,75924,75379
"1714",2017-04-14 09:00:00,834,20025,322,230,92,53,39,82,51,31,23,8,78145,77661
"1715",2017-04-14 10:00:00,834,20026,327,257,70,44,26,99,22,77,50,27,82961,82472
"1716",2017-04-14 11:00:00,834,20027,399,333,66,42,24,256,92,164,115,49,106855,106310
"1717",2017-04-14 12:00:00,834,20028,435,359,76,48,28,637,219,418,283,135,143164,142401
"1718",2017-04-14 13:00:00,834,20029,607,491,116,83,33,1130,319,811,558,253,165254,164260
"1719",2017-04-14 14:00:00,834,20030,731,584,147,107,40,1474,471,1003,690,313,172501,171401
"1720",2017-04-14 15:00:00,834,20031,824,615,209,154,55,1734,450,1284,907,377,172358,171268
"1721",2017-04-14 16:00:00,834,20032,923,686,237,171,66,1907,555,1352,970,382,159033,157905
"1722",2017-04-14 17:00:00,834,20033,864,613,251,179,72,1849,510,1339,937,402,151724,150764
"1723",2017-04-14 18:00:00,834,20034,948,682,266,194,72,1941,547,1394,992,402,148213,147207
"1724",2017-04-14 19:00:00,834,20035,963,659,304,224,80,1951,481,1470,1049,421,136901,136053
"1725",2017-04-14 20:00:00,834,20036,948,620,328,233,95,2213,548,1665,1190,475,125177,124320
"1726",2017-04-14 21:00:00,834,20037,1114,729,385,248,137,2060,399,1661,1191,470,111217,110496
"1727",2017-04-14 22:00:00,834,20038,1043,603,440,298,142,2073,423,1650,1190,460,96416,95843
"1728",2017-04-14 23:00:00,834,20039,1050,593,457,293,164,1831,365,1466,1080,386,86586,86076
"1729",2017-04-15 00:00:00,835,20040,1076,582,494,301,193,1763,300,1463,1059,404,81266,80771
"1730",2017-04-15 01:00:00,835,20041,1046,544,502,307,195,1458,238,1220,897,323,78921,78445
"1731",2017-04-15 02:00:00,835,20042,955,501,454,313,141,1334,224,1110,796,314,77300,76842
"1732",2017-04-15 03:00:00,835,20043,903,523,380,278,102,957,142,815,592,223,74663,74275
"1733",2017-04-15 04:00:00,835,20044,764,446,318,220,98,637,112,525,384,141,70314,69928
"1734",2017-04-15 05:00:00,835,20045,589,346,243,178,65,400,87,313,226,87,65979,65629
"1735",2017-04-15 06:00:00,835,20046,413,240,173,112,61,210,61,149,107,42,64522,64151
"1736",2017-04-15 07:00:00,835,20047,355,213,142,86,56,131,45,86,60,26,63761,63395
"1737",2017-04-15 08:00:00,835,20048,352,239,113,67,46,72,29,43,32,11,62335,62015
"1738",2017-04-15 09:00:00,835,20049,297,216,81,46,35,73,23,50,40,10,62479,62099
"1739",2017-04-15 10:00:00,835,20050,281,204,77,55,22,60,20,40,29,11,65127,64746
"1740",2017-04-15 11:00:00,835,20051,322,238,84,56,28,177,52,125,86,39,75117,74709
"1741",2017-04-15 12:00:00,835,20052,378,295,83,57,26,465,128,337,239,98,86005,85544
"1742",2017-04-15 13:00:00,835,20053,587,427,160,107,53,866,208,658,464,194,95315,94796
"1743",2017-04-15 14:00:00,835,20054,763,507,256,177,79,1266,266,1000,700,300,101929,101316
"1744",2017-04-15 15:00:00,835,20055,803,523,280,190,90,1383,295,1088,759,329,104662,104077
"1745",2017-04-15 16:00:00,835,20056,905,598,307,207,100,1503,306,1197,873,324,104005,103377
"1746",2017-04-15 17:00:00,835,20057,895,599,296,210,86,1555,331,1224,868,356,100838,100199
"1747",2017-04-15 18:00:00,835,20058,897,573,324,215,109,1596,384,1212,887,325,95610,95038
"1748",2017-04-15 19:00:00,835,20059,937,631,306,212,94,1721,360,1361,975,386,90396,89843
"1749",2017-04-15 20:00:00,835,20060,963,584,379,275,104,1737,416,1321,965,356,84823,84312
"1750",2017-04-15 21:00:00,835,20061,1071,620,451,324,127,1655,391,1264,942,322,79507,79047
"1751",2017-04-15 22:00:00,835,20062,993,596,397,267,130,1589,296,1293,937,356,74855,74419
"1752",2017-04-15 23:00:00,835,20063,848,479,369,291,78,1486,278,1208,886,322,71323,70890
"1753",2017-04-16 00:00:00,836,20064,883,512,371,272,99,1422,220,1202,893,309,69352,68947
"1754",2017-04-16 01:00:00,836,20065,874,483,391,277,114,1350,194,1156,857,299,69557,69158
"1755",2017-04-16 02:00:00,836,20066,810,430,380,289,91,1115,171,944,690,254,68798,68383
"1756",2017-04-16 03:00:00,836,20067,725,423,302,231,71,761,100,661,479,182,67837,67427
"1757",2017-04-16 04:00:00,836,20068,642,371,271,197,74,541,86,455,323,132,66824,66393
"1758",2017-04-16 05:00:00,836,20069,536,329,207,158,49,340,95,245,174,71,64105,63708
"1759",2017-04-16 06:00:00,836,20070,421,251,170,125,45,197,61,136,97,39,62294,61915
"1760",2017-04-16 07:00:00,836,20071,302,189,113,78,35,92,24,68,51,17,61874,61518
"1761",2017-04-16 08:00:00,836,20072,266,186,80,55,25,64,24,40,29,11,61748,61410
"1762",2017-04-16 09:00:00,836,20073,254,194,60,43,17,61,21,40,30,10,61208,60864
"1763",2017-04-16 10:00:00,836,20074,256,178,78,53,25,70,30,40,29,11,62916,62521
"1764",2017-04-16 11:00:00,836,20075,252,188,64,48,16,139,41,98,73,25,68466,68025
"1765",2017-04-16 12:00:00,836,20076,360,270,90,65,25,322,81,241,178,63,75924,75494
"1766",2017-04-16 13:00:00,836,20077,472,325,147,117,30,671,117,554,402,152,83832,83337
"1767",2017-04-16 14:00:00,836,20078,535,347,188,128,60,973,159,814,589,225,88808,88319
"1768",2017-04-16 15:00:00,836,20079,679,451,228,165,63,1043,177,866,625,241,90074,89538
"1769",2017-04-16 16:00:00,836,20080,670,451,219,147,72,1149,201,948,683,265,89618,89093
"1770",2017-04-16 17:00:00,836,20081,819,512,307,200,107,1152,188,964,695,269,89085,88549
"1771",2017-04-16 18:00:00,836,20082,857,526,331,194,137,1258,228,1030,753,277,84221,83710
"1772",2017-04-16 19:00:00,836,20083,861,559,302,186,116,1215,227,988,715,273,82270,81759
"1773",2017-04-16 20:00:00,836,20084,899,530,369,228,141,1358,212,1146,845,301,77730,77248
"1774",2017-04-16 21:00:00,836,20085,839,489,350,222,128,1290,220,1070,781,289,75037,74558
"1775",2017-04-16 22:00:00,836,20086,810,458,352,247,105,1355,194,1161,850,311,73696,73241
"1776",2017-04-16 23:00:00,836,20087,881,501,380,242,138,1401,208,1193,880,313,76001,75578
"1777",2017-04-17 00:00:00,837,20088,917,525,392,295,97,1355,198,1157,844,313,85617,85144
"1778",2017-04-17 01:00:00,837,20089,808,493,315,239,76,1126,186,940,682,258,93179,92587
"1779",2017-04-17 02:00:00,837,20090,756,484,272,198,74,791,99,692,505,187,86947,86378
"1780",2017-04-17 03:00:00,837,20091,710,463,247,188,59,593,104,489,357,132,86234,85692
"1781",2017-04-17 04:00:00,837,20092,537,370,167,137,30,380,76,304,224,80,80401,79892
"1782",2017-04-17 05:00:00,837,20093,471,312,159,106,53,239,52,187,134,53,78462,77988
"1783",2017-04-17 06:00:00,837,20094,360,245,115,75,40,112,25,87,67,20,79410,78886
"1784",2017-04-17 07:00:00,837,20095,263,194,69,45,24,84,36,48,35,13,80267,79717
"1785",2017-04-17 08:00:00,837,20096,237,191,46,30,16,68,35,33,24,9,80425,79854
"1786",2017-04-17 09:00:00,837,20097,242,208,34,23,11,53,16,37,23,14,85120,84578
"1787",2017-04-17 10:00:00,837,20098,292,239,53,37,16,74,23,51,39,12,99955,99407
"1788",2017-04-17 11:00:00,837,20099,309,268,41,30,11,252,77,175,124,51,152806,152132
"1789",2017-04-17 12:00:00,837,20100,436,378,58,40,18,558,171,387,265,122,230265,229161
"1790",2017-04-17 13:00:00,837,20101,651,551,100,71,29,1021,293,728,490,238,254584,253181
"1791",2017-04-17 14:00:00,837,20102,803,665,138,105,33,1333,412,921,640,281,245829,244380
"1792",2017-04-17 15:00:00,837,20103,862,703,159,113,46,1576,504,1072,746,326,235739,234231
"1793",2017-04-17 16:00:00,837,20104,907,722,185,138,47,1877,538,1339,908,431,210654,209283
"1794",2017-04-17 17:00:00,837,20105,1012,754,258,186,72,1790,589,1201,852,349,204087,202747
"1795",2017-04-17 18:00:00,837,20106,1173,836,337,204,133,1897,583,1314,919,395,197840,196536
"1796",2017-04-17 19:00:00,837,20107,1221,870,351,228,123,2006,581,1425,984,441,186091,184824
"1797",2017-04-17 20:00:00,837,20108,1237,851,386,260,126,2220,562,1658,1169,489,169135,168007
"1798",2017-04-17 21:00:00,837,20109,1224,801,423,266,157,2278,562,1716,1205,511,142153,141271
"1799",2017-04-17 22:00:00,837,20110,1207,800,407,264,143,2216,489,1727,1247,480,119603,118846
"1800",2017-04-17 23:00:00,837,20111,1140,752,388,267,121,2142,453,1689,1221,468,109533,108817
"1801",2017-04-18 00:00:00,838,20112,1059,658,401,289,112,1805,357,1448,1047,401,106556,105917
"1802",2017-04-18 01:00:00,838,20113,1095,667,428,306,122,1637,313,1324,971,353,108697,107954
"1803",2017-04-18 02:00:00,838,20114,888,554,334,237,97,1270,221,1049,747,302,101931,101215
"1804",2017-04-18 03:00:00,838,20115,760,477,283,207,76,755,162,593,443,150,93934,93336
"1805",2017-04-18 04:00:00,838,20116,660,432,228,144,84,458,112,346,247,99,88000,87449
"1806",2017-04-18 05:00:00,838,20117,459,323,136,91,45,289,86,203,150,53,90356,89788
"1807",2017-04-18 06:00:00,838,20118,329,225,104,73,31,150,56,94,63,31,99856,99159
"1808",2017-04-18 07:00:00,838,20119,369,272,97,56,41,104,41,63,46,17,104067,103333
"1809",2017-04-18 08:00:00,838,20120,332,273,59,36,23,56,30,26,20,6,102012,101245
"1810",2017-04-18 09:00:00,838,20121,331,286,45,29,16,62,36,26,18,8,102137,101388
"1811",2017-04-18 10:00:00,838,20122,335,295,40,25,15,118,47,71,49,22,106902,106136
"1812",2017-04-18 11:00:00,838,20123,389,321,68,47,21,265,84,181,120,61,136019,135218
"1813",2017-04-18 12:00:00,838,20124,522,432,90,67,23,612,197,415,271,144,185265,184109
"1814",2017-04-18 13:00:00,838,20125,667,560,107,70,37,890,277,613,412,201,216486,215018
"1815",2017-04-18 14:00:00,838,20126,798,660,138,98,40,1249,382,867,596,271,220068,218529
"1816",2017-04-18 15:00:00,838,20127,897,719,178,119,59,1432,469,963,662,301,215648,214221
"1817",2017-04-18 16:00:00,838,20128,891,726,165,108,57,1586,567,1019,716,303,195361,194064
"1818",2017-04-18 17:00:00,838,20129,921,723,198,141,57,1576,530,1046,729,317,190814,189487
"1819",2017-04-18 18:00:00,838,20130,1036,794,242,156,86,1686,572,1114,784,330,189506,188169
"1820",2017-04-18 19:00:00,838,20131,988,706,282,190,92,1875,591,1284,916,368,178481,177187
"1821",2017-04-18 20:00:00,838,20132,1127,755,372,268,104,2147,571,1576,1129,447,161165,160113
"1822",2017-04-18 21:00:00,838,20133,1107,665,442,335,107,2285,503,1782,1336,446,135645,134761
"1823",2017-04-18 22:00:00,838,20134,1149,685,464,345,119,2318,469,1849,1392,457,114247,113531
"1824",2017-04-18 23:00:00,838,20135,1160,699,461,335,126,2350,399,1951,1485,466,103574,102964
"1825",2017-04-19 00:00:00,839,20136,1168,714,454,337,117,2133,343,1790,1357,433,99672,99086
"1826",2017-04-19 01:00:00,839,20137,1099,638,461,351,110,1602,290,1312,1011,301,99793,99094
"1827",2017-04-19 02:00:00,839,20138,1046,644,402,309,93,1196,243,953,716,237,96218,95531
"1828",2017-04-19 03:00:00,839,20139,845,503,342,245,97,732,171,561,421,140,89587,89000
"1829",2017-04-19 04:00:00,839,20140,650,445,205,135,70,467,124,343,245,98,86362,85755
"1830",2017-04-19 05:00:00,839,20141,516,344,172,102,70,215,57,158,120,38,85438,84850
"1831",2017-04-19 06:00:00,839,20142,386,271,115,76,39,136,45,91,70,21,95034,94333
"1832",2017-04-19 07:00:00,839,20143,310,221,89,52,37,112,63,49,34,15,99622,98868
"1833",2017-04-19 08:00:00,839,20144,321,255,66,36,30,63,29,34,26,8,99165,98425
"1834",2017-04-19 09:00:00,839,20145,321,260,61,33,28,48,29,19,15,4,100362,99597
"1835",2017-04-19 10:00:00,839,20146,341,272,69,43,26,101,53,48,33,15,101836,101128
"1836",2017-04-19 11:00:00,839,20147,439,355,84,54,30,197,69,128,83,45,121898,121183
"1837",2017-04-19 12:00:00,839,20148,505,420,85,63,22,520,172,348,238,110,158444,157469
"1838",2017-04-19 13:00:00,839,20149,705,569,136,88,48,992,348,644,432,212,190147,188868
"1839",2017-04-19 14:00:00,839,20150,844,692,152,101,51,1217,415,802,534,268,199994,198659
"1840",2017-04-19 15:00:00,839,20151,875,709,166,112,54,1288,476,812,582,230,197803,196392
"1841",2017-04-19 16:00:00,839,20152,928,752,176,112,64,1488,545,943,643,300,183157,181931
"1842",2017-04-19 17:00:00,839,20153,946,739,207,130,77,1569,581,988,701,287,180385,179164
"1843",2017-04-19 18:00:00,839,20154,972,722,250,159,91,1593,576,1017,721,296,179394,178180
"1844",2017-04-19 19:00:00,839,20155,1080,751,329,226,103,1827,566,1261,905,356,168927,167714
"1845",2017-04-19 20:00:00,839,20156,1056,722,334,212,122,2051,567,1484,1066,418,154457,153391
"1846",2017-04-19 21:00:00,839,20157,1044,680,364,250,114,2093,510,1583,1145,438,133135,132242
"1847",2017-04-19 22:00:00,839,20158,1024,596,428,291,137,1915,444,1471,1073,398,112351,111622
"1848",2017-04-19 23:00:00,839,20159,1102,662,440,310,130,1721,392,1329,974,355,102603,101942
"1849",2017-04-20 00:00:00,840,20160,1117,689,428,309,119,1708,338,1370,1022,348,100138,99534
"1850",2017-04-20 01:00:00,840,20161,1036,633,403,270,133,1377,251,1126,832,294,101513,100879
"1851",2017-04-20 02:00:00,840,20162,944,593,351,241,110,931,209,722,538,184,96196,95586
"1852",2017-04-20 03:00:00,840,20163,804,517,287,196,91,644,131,513,372,141,90439,89838
"1853",2017-04-20 04:00:00,840,20164,622,388,234,159,75,469,94,375,278,97,84902,84362
"1854",2017-04-20 05:00:00,840,20165,492,347,145,87,58,254,66,188,145,43,84686,84103
"1855",2017-04-20 06:00:00,840,20166,414,293,121,73,48,140,56,84,68,16,94645,93977
"1856",2017-04-20 07:00:00,840,20167,382,304,78,56,22,98,45,53,41,12,97579,96886
"1857",2017-04-20 08:00:00,840,20168,331,259,72,39,33,53,26,27,20,7,98792,98079
"1858",2017-04-20 09:00:00,840,20169,320,263,57,30,27,62,36,26,20,6,98923,98167
"1859",2017-04-20 10:00:00,840,20170,355,288,67,39,28,55,27,28,21,7,104549,103834
"1860",2017-04-20 11:00:00,840,20171,391,321,70,46,24,161,53,108,75,33,135305,134539
"1861",2017-04-20 12:00:00,840,20172,470,398,72,49,23,473,141,332,222,110,189339,188268
"1862",2017-04-20 13:00:00,840,20173,671,524,147,94,53,980,313,667,440,227,224565,223176
"1863",2017-04-20 14:00:00,840,20174,808,664,144,95,49,1107,417,690,477,213,228939,227524
"1864",2017-04-20 15:00:00,840,20175,856,685,171,108,63,1321,524,797,554,243,221471,219955
"1865",2017-04-20 16:00:00,840,20176,894,729,165,118,47,1408,496,912,624,288,204496,203258
"1866",2017-04-20 17:00:00,840,20177,855,671,184,138,46,1536,575,961,672,289,197396,196100
"1867",2017-04-20 18:00:00,840,20178,888,668,220,131,89,1489,558,931,664,267,194747,193507
"1868",2017-04-20 19:00:00,840,20179,922,698,224,153,71,1756,612,1144,807,337,180891,179708
"1869",2017-04-20 20:00:00,840,20180,1089,795,294,203,91,1792,516,1276,903,373,166254,165177
"1870",2017-04-20 21:00:00,840,20181,1013,681,332,228,104,1832,471,1361,975,386,137655,136801
"1871",2017-04-20 22:00:00,840,20182,973,598,375,241,134,1735,432,1303,935,368,112079,111422
"1872",2017-04-20 23:00:00,840,20183,5,3,2,2,0,1654,416,1238,899,339,100761,100158
"1873",2017-04-21 00:00:00,841,20184,911,507,404,286,118,1504,329,1175,857,318,97166,96574
"1874",2017-04-21 01:00:00,841,20185,927,518,409,281,128,1117,237,880,652,228,98244,97618
"1875",2017-04-21 02:00:00,841,20186,839,500,339,238,101,845,209,636,474,162,91014,90418
"1876",2017-04-21 03:00:00,841,20187,725,443,282,177,105,693,150,543,384,159,83650,83056
"1877",2017-04-21 04:00:00,841,20188,592,379,213,147,66,393,101,292,222,70,77175,76720
"1878",2017-04-21 05:00:00,841,20189,447,313,134,91,43,208,63,145,106,39,75763,75276
"1879",2017-04-21 06:00:00,841,20190,371,262,109,76,33,139,43,96,70,26,83898,83321
"1880",2017-04-21 07:00:00,841,20191,332,243,89,60,29,83,42,41,33,8,88867,88216
"1881",2017-04-21 08:00:00,841,20192,287,221,66,44,22,81,33,48,35,13,88591,87966
"1882",2017-04-21 09:00:00,841,20193,284,240,44,25,19,44,27,17,10,7,89677,89007
"1883",2017-04-21 10:00:00,841,20194,286,263,23,20,3,68,33,35,26,9,94531,93939
"1884",2017-04-21 11:00:00,841,20195,305,258,47,36,11,213,75,138,94,44,123090,122402
"1885",2017-04-21 12:00:00,841,20196,451,383,68,47,21,422,186,236,155,81,169294,168371
"1886",2017-04-21 13:00:00,841,20197,600,517,83,62,21,920,317,603,405,198,197290,195994
"1887",2017-04-21 14:00:00,841,20198,728,585,143,94,49,1068,401,667,458,209,203303,201924
"1888",2017-04-21 15:00:00,841,20199,762,609,153,98,55,1282,439,843,582,261,197545,196159
"1889",2017-04-21 16:00:00,841,20200,867,675,192,132,60,1482,528,954,655,299,178744,177531
"1890",2017-04-21 17:00:00,841,20201,919,695,224,145,79,1644,555,1089,755,334,172800,171565
"1891",2017-04-21 18:00:00,841,20202,885,651,234,145,89,1574,568,1006,697,309,170961,169764
"1892",2017-04-21 19:00:00,841,20203,878,621,257,157,100,1819,677,1142,790,352,160470,159279
"1893",2017-04-21 20:00:00,841,20204,1003,684,319,203,116,2029,594,1435,1024,411,144124,143141
"1894",2017-04-21 21:00:00,841,20205,1105,794,311,226,85,2515,491,2024,1457,567,118290,117498
"1895",2017-04-21 22:00:00,841,20206,1145,757,388,271,117,2564,422,2142,1562,580,98050,97359
"1896",2017-04-21 23:00:00,841,20207,1004,617,387,278,109,1989,376,1613,1159,454,86234,85726
"1897",2017-04-22 00:00:00,842,20208,1017,584,433,275,158,1554,337,1217,896,321,78902,78426
"1898",2017-04-22 01:00:00,842,20209,970,554,416,279,137,1390,276,1114,810,304,74794,74320
"1899",2017-04-22 02:00:00,842,20210,925,488,437,295,142,1120,202,918,672,246,71939,71527
"1900",2017-04-22 03:00:00,842,20211,800,464,336,236,100,792,161,631,458,173,67888,67496
"1901",2017-04-22 04:00:00,842,20212,685,375,310,218,92,554,118,436,313,123,63802,63417
"1902",2017-04-22 05:00:00,842,20213,495,301,194,117,77,377,94,283,205,78,61092,60739
"1903",2017-04-22 06:00:00,842,20214,424,246,178,105,73,210,63,147,109,38,59864,59502
"1904",2017-04-22 07:00:00,842,20215,330,225,105,63,42,136,50,86,61,25,59837,59457
"1905",2017-04-22 08:00:00,842,20216,296,214,82,51,31,98,51,47,30,17,58961,58596
"1906",2017-04-22 09:00:00,842,20217,280,200,80,43,37,93,60,33,24,9,59807,59440
"1907",2017-04-22 10:00:00,842,20218,276,208,68,42,26,87,37,50,33,17,62658,62285
"1908",2017-04-22 11:00:00,842,20219,315,247,68,44,24,176,71,105,79,26,71300,70892
"1909",2017-04-22 12:00:00,842,20220,393,306,87,66,21,480,100,380,258,122,80987,80554
"1910",2017-04-22 13:00:00,842,20221,572,423,149,92,57,894,208,686,473,213,90625,90132
"1911",2017-04-22 14:00:00,842,20222,619,428,191,143,48,1025,197,828,605,223,97217,96691
"1912",2017-04-22 15:00:00,842,20223,823,534,289,202,87,1067,251,816,571,245,100575,99928
"1913",2017-04-22 16:00:00,842,20224,849,578,271,187,84,1477,379,1098,780,318,99082,98479
"1914",2017-04-22 17:00:00,842,20225,914,596,318,218,100,1764,447,1317,930,387,95820,95254
"1915",2017-04-22 18:00:00,842,20226,959,621,338,225,113,1709,449,1260,908,352,92546,92001
"1916",2017-04-22 19:00:00,842,20227,1012,670,342,225,117,1729,426,1303,911,392,89218,88678
"1917",2017-04-22 20:00:00,842,20228,942,607,335,242,93,1590,438,1152,825,327,83794,83282
"1918",2017-04-22 21:00:00,842,20229,1006,601,405,286,119,1824,389,1435,1040,395,77275,76795
"1919",2017-04-22 22:00:00,842,20230,941,544,397,265,132,1862,360,1502,1083,419,72040,71554
"1920",2017-04-22 23:00:00,842,20231,978,573,405,256,149,1568,334,1234,896,338,68984,68542
"1921",2017-04-23 00:00:00,843,20232,990,576,414,282,132,1665,402,1263,935,328,66792,66382
"1922",2017-04-23 01:00:00,843,20233,942,554,388,289,99,1433,321,1112,804,308,66356,65921
"1923",2017-04-23 02:00:00,843,20234,753,402,351,258,93,1076,238,838,613,225,65778,65338
"1924",2017-04-23 03:00:00,843,20235,656,370,286,210,76,824,220,604,441,163,65253,64824
"1925",2017-04-23 04:00:00,843,20236,665,361,304,216,88,500,126,374,281,93,62624,62236
"1926",2017-04-23 05:00:00,843,20237,545,323,222,145,77,350,124,226,160,66,59773,59420
"1927",2017-04-23 06:00:00,843,20238,399,236,163,111,52,181,67,114,86,28,57604,57241
"1928",2017-04-23 07:00:00,843,20239,322,212,110,69,41,133,62,71,54,17,53581,53253
"1929",2017-04-23 08:00:00,843,20240,218,165,53,36,17,88,32,56,40,16,50650,50357
"1930",2017-04-23 09:00:00,843,20241,198,154,44,24,20,62,32,30,22,8,55527,55180
"1931",2017-04-23 10:00:00,843,20242,248,201,47,31,16,74,29,45,37,8,60429,60061
"1932",2017-04-23 11:00:00,843,20243,251,198,53,33,20,175,61,114,81,33,67827,67462
"1933",2017-04-23 12:00:00,843,20244,341,269,72,50,22,322,108,214,144,70,76104,75682
"1934",2017-04-23 13:00:00,843,20245,481,338,143,96,47,734,175,559,400,159,83924,83416
"1935",2017-04-23 14:00:00,843,20246,597,394,203,142,61,1135,302,833,586,247,91019,90484
"1936",2017-04-23 15:00:00,843,20247,683,423,260,179,81,1363,378,985,702,283,94491,93869
"1937",2017-04-23 16:00:00,843,20248,728,456,272,183,89,1514,433,1081,770,311,95323,94747
"1938",2017-04-23 17:00:00,843,20249,733,454,279,197,82,1519,429,1090,785,305,95357,94739
"1939",2017-04-23 18:00:00,843,20250,827,527,300,201,99,1693,480,1213,862,351,94109,93447
"1940",2017-04-23 19:00:00,843,20251,826,501,325,196,129,1651,496,1155,822,333,91243,90643
"1941",2017-04-23 20:00:00,843,20252,906,550,356,238,118,1649,526,1123,820,303,85599,85014
"1942",2017-04-23 21:00:00,843,20253,887,513,374,244,130,1680,538,1142,832,310,81846,81329
"1943",2017-04-23 22:00:00,843,20254,921,564,357,233,124,1754,481,1273,943,330,78950,78385
"1944",2017-04-23 23:00:00,843,20255,858,464,394,280,114,1543,455,1088,797,291,78270,77767
"1945",2017-02-24 07:00:00,785,18847,NA,NA,NA,NA,NA,NA,NA,NA,NA,NA,72767,72469
"1946",2017-02-28 17:00:00,789,18953,NA,NA,NA,NA,NA,NA,NA,NA,NA,NA,182744,181574
"1947",2017-02-28 18:00:00,789,18954,NA,NA,NA,NA,NA,NA,NA,NA,NA,NA,181750,180552
"1948",2017-02-28 19:00:00,789,18955,NA,NA,NA,NA,NA,NA,NA,NA,NA,NA,179052,177877
"1949",2017-02-28 20:00:00,789,18956,NA,NA,NA,NA,NA,NA,NA,NA,NA,NA,168956,167827
"1950",2017-02-28 21:00:00,789,18957,NA,NA,NA,NA,NA,NA,NA,NA,NA,NA,151915,150896
"1951",2017-02-28 22:00:00,789,18958,NA,NA,NA,NA,NA,NA,NA,NA,NA,NA,127918,127112
"1952",2017-02-28 23:00:00,789,18959,NA,NA,NA,NA,NA,NA,NA,NA,NA,NA,104850,104238
"1953",2017-03-01 00:00:00,790,18960,NA,NA,NA,NA,NA,NA,NA,NA,NA,NA,96930,96330
"1954",2017-03-01 01:00:00,790,18961,NA,NA,NA,NA,NA,NA,NA,NA,NA,NA,95805,95209
"1955",2017-03-01 02:00:00,790,18962,NA,NA,NA,NA,NA,NA,NA,NA,NA,NA,88653,88114
"1956",2017-03-01 03:00:00,790,18963,NA,NA,NA,NA,NA,NA,NA,NA,NA,NA,86617,86071
"1957",2017-03-01 04:00:00,790,18964,NA,NA,NA,NA,NA,NA,NA,NA,NA,NA,83399,82893
"1958",2017-03-01 05:00:00,790,18965,NA,NA,NA,NA,NA,NA,NA,NA,NA,NA,78429,77916
"1959",2017-03-01 06:00:00,790,18966,NA,NA,NA,NA,NA,NA,NA,NA,NA,NA,80533,79964
"1960",2017-03-01 07:00:00,790,18967,NA,NA,NA,NA,NA,NA,NA,NA,NA,NA,82453,81854
"1961",2017-03-01 08:00:00,790,18968,NA,NA,NA,NA,NA,NA,NA,NA,NA,NA,84110,83480
"1962",2017-03-01 09:00:00,790,18969,NA,NA,NA,NA,NA,NA,NA,NA,NA,NA,87566,86870
"1963",2017-03-01 10:00:00,790,18970,NA,NA,NA,NA,NA,NA,NA,NA,NA,NA,86271,85620
"1964",2017-03-01 11:00:00,790,18971,NA,NA,NA,NA,NA,NA,NA,NA,NA,NA,88529,87865
"1965",2017-03-01 12:00:00,790,18972,NA,NA,NA,NA,NA,NA,NA,NA,NA,NA,109093,108373
"1966",2017-03-01 13:00:00,790,18973,NA,NA,NA,NA,NA,NA,NA,NA,NA,NA,148020,147157
"1967",2017-03-01 14:00:00,790,18974,NA,NA,NA,NA,NA,NA,NA,NA,NA,NA,177651,176496
"1968",2017-03-01 15:00:00,790,18975,NA,NA,NA,NA,NA,NA,NA,NA,NA,NA,187402,186218
