"","dt","dnum","hnum","totchib","winchib","xbxchib","xtkchib","xabchib","totcall","wincall","xbxcall","xtkcall","xabcall","actsess","actuser"
"1",2017-03-08 00:00:00,797,19128,1080,671,409,261,148,2356,493,1863,1342,521,99828,99207
"2",2017-03-08 01:00:00,797,19129,1147,744,403,269,134,1949,388,1561,1146,415,97446,96878
"3",2017-03-08 02:00:00,797,19130,1061,703,358,254,104,1608,330,1278,925,353,92277,91677
"4",2017-03-08 03:00:00,797,19131,918,580,338,223,115,1196,244,952,695,257,88751,88193
"5",2017-03-08 04:00:00,797,19132,722,494,228,144,84,773,179,594,445,149,84638,84110
"6",2017-03-08 05:00:00,797,19133,545,390,155,99,56,448,85,363,265,98,78685,78178
"7",2017-03-08 06:00:00,797,19134,459,322,137,79,58,295,89,206,154,52,80487,79965
"8",2017-03-08 07:00:00,797,19135,372,292,80,45,35,120,42,78,58,20,84277,83677
"9",2017-03-08 08:00:00,797,19136,316,234,82,44,38,106,35,71,50,21,86327,85689
"10",2017-03-08 09:00:00,797,19137,300,235,65,42,23,68,26,42,33,9,87945,87259
"11",2017-03-08 10:00:00,797,19138,318,269,49,29,20,69,31,38,25,13,86219,85617
"12",2017-03-08 11:00:00,797,19139,327,254,73,46,27,104,49,55,37,18,90249,89633
"13",2017-03-08 12:00:00,797,19140,400,317,83,48,35,282,81,201,133,68,111263,110594
"14",2017-03-08 13:00:00,797,19141,630,502,128,79,49,733,211,522,350,172,147773,146875
"15",2017-03-08 14:00:00,797,19142,700,600,100,61,39,1128,293,835,568,267,178881,177749
"16",2017-03-08 15:00:00,797,19143,908,763,145,92,53,1345,410,935,642,293,187179,185932
"17",2017-03-08 16:00:00,797,19144,854,683,171,104,67,1428,510,918,637,281,187058,185818
"18",2017-03-08 17:00:00,797,19145,937,744,193,126,67,1707,607,1100,773,327,172492,171342
"19",2017-03-08 18:00:00,797,19146,886,710,176,107,69,1774,634,1140,796,344,169031,167990
"20",2017-03-08 19:00:00,797,19147,929,719,210,132,78,1845,597,1248,875,373,167233,166087
"21",2017-03-08 20:00:00,797,19148,1033,744,289,179,110,2081,662,1419,996,423,157915,156834
"22",2017-03-08 21:00:00,797,19149,953,681,272,180,92,2234,558,1676,1195,481,142413,141417
"23",2017-03-08 22:00:00,797,19150,987,701,286,170,116,2222,537,1685,1222,463,120771,120003
"24",2017-03-08 23:00:00,797,19151,992,683,309,195,114,2243,518,1725,1239,486,103829,103156
"25",2017-03-09 00:00:00,798,19152,977,675,302,193,109,2203,447,1756,1254,502,98121,97543
"26",2017-03-09 01:00:00,798,19153,1036,676,360,248,112,1844,364,1480,1053,427,98710,98088
"27",2017-03-09 02:00:00,798,19154,916,573,343,210,133,1559,349,1210,868,342,95003,94390
"28",2017-03-09 03:00:00,798,19155,808,508,300,198,102,1079,228,851,609,242,90836,90272
"29",2017-03-09 04:00:00,798,19156,698,442,256,164,92,742,184,558,418,140,86573,86075
"30",2017-03-09 05:00:00,798,19157,611,425,186,131,55,450,109,341,243,98,83783,83237
"31",2017-03-09 06:00:00,798,19158,465,346,119,72,47,311,100,211,148,63,87171,86595
"32",2017-03-09 07:00:00,798,19159,331,244,87,57,30,166,41,125,92,33,89032,88431
"33",2017-03-09 08:00:00,798,19160,306,234,72,54,18,106,47,59,41,18,90526,89867
"34",2017-03-09 09:00:00,798,19161,318,242,76,38,38,99,37,62,47,15,91909,91273
"35",2017-03-09 10:00:00,798,19162,295,250,45,27,18,76,27,49,30,19,90362,89724
"36",2017-03-09 11:00:00,798,19163,287,209,78,35,43,132,45,87,64,23,97200,96545
"37",2017-03-09 12:00:00,798,19164,363,274,89,59,30,255,81,174,122,52,130756,130029
"38",2017-03-09 13:00:00,798,19165,532,422,110,53,57,679,249,430,300,130,188467,187478
"39",2017-03-09 14:00:00,798,19166,688,571,117,68,49,1058,372,686,464,222,221456,220195
"40",2017-03-09 15:00:00,798,19167,783,649,134,78,56,1262,436,826,547,279,222841,221417
"41",2017-03-09 16:00:00,798,19168,873,718,155,94,61,1500,513,987,681,306,216869,215545
"42",2017-03-09 17:00:00,798,19169,888,711,177,118,59,1612,520,1092,765,327,195778,194538
"43",2017-03-09 18:00:00,798,19170,853,678,175,113,62,1752,530,1222,853,369,190460,189276
"44",2017-03-09 19:00:00,798,19171,873,676,197,119,78,1741,580,1161,793,368,187672,186451
"45",2017-03-09 20:00:00,798,19172,1027,783,244,151,93,2044,628,1416,994,422,175322,174165
"46",2017-03-09 21:00:00,798,19173,997,732,265,165,100,2127,597,1530,1062,468,159099,158206
"47",2017-03-09 22:00:00,798,19174,971,694,277,181,96,2121,506,1615,1136,479,132221,131422
"48",2017-03-09 23:00:00,798,19175,1013,676,337,215,122,2271,457,1814,1288,526,107092,106465
"49",2017-03-10 00:00:00,799,19176,1036,674,362,231,131,2000,401,1599,1138,461,101490,100910
"50",2017-03-10 01:00:00,799,19177,1029,638,391,272,119,1727,359,1368,992,376,98401,97810
"51",2017-03-10 02:00:00,799,19178,916,590,326,213,113,1411,295,1116,841,275,92342,91753
"52",2017-03-10 03:00:00,799,19179,894,596,298,197,101,1131,237,894,647,247,87346,86768
"53",2017-03-10 04:00:00,799,19180,775,527,248,162,86,716,193,523,386,137,80843,80354
"54",2017-03-10 05:00:00,799,19181,549,361,188,107,81,479,102,377,269,108,75425,74918
"55",2017-03-10 06:00:00,799,19182,427,296,131,76,55,309,72,237,172,65,77684,77228
"56",2017-03-10 07:00:00,799,19183,337,222,115,63,52,166,54,112,82,30,80723,80220
"57",2017-03-10 08:00:00,799,19184,286,203,83,39,44,90,30,60,43,17,81516,80934
"58",2017-03-10 09:00:00,799,19185,329,252,77,51,26,84,34,50,34,16,83442,82817
"59",2017-03-10 10:00:00,799,19186,298,229,69,40,29,70,25,45,35,10,81784,81209
"60",2017-03-10 11:00:00,799,19187,274,223,51,28,23,96,38,58,49,9,89925,89389
"61",2017-03-10 12:00:00,799,19188,340,260,80,44,36,294,65,229,160,69,122325,121669
"62",2017-03-10 13:00:00,799,19189,569,418,151,98,53,797,230,567,402,165,172379,171407
"63",2017-03-10 14:00:00,799,19190,759,569,190,124,66,1211,334,877,649,228,199354,198115
"64",2017-03-10 15:00:00,799,19191,842,646,196,127,69,1462,464,998,719,279,198833,197568
"65",2017-03-10 16:00:00,799,19192,910,703,207,133,74,1606,534,1072,765,307,195405,194105
"66",2017-03-10 17:00:00,799,19193,920,716,204,116,88,1550,528,1022,715,307,176729,175621
"67",2017-03-10 18:00:00,799,19194,881,682,199,113,86,1918,566,1352,946,406,167898,166784
"68",2017-03-10 19:00:00,799,19195,870,659,211,124,87,1864,582,1282,892,390,163591,162503
"69",2017-03-10 20:00:00,799,19196,935,677,258,157,101,2169,612,1557,1097,460,152239,151260
"70",2017-03-10 21:00:00,799,19197,1024,705,319,186,133,2187,621,1566,1136,430,136208,135312
"71",2017-03-10 22:00:00,799,19198,1020,660,360,227,133,2374,563,1811,1289,522,113336,112663
"72",2017-03-10 23:00:00,799,19199,974,642,332,201,131,2168,468,1700,1230,470,92153,91606
"73",2017-03-11 00:00:00,800,19200,1013,590,423,284,139,1964,415,1549,1135,414,80863,80399
"74",2017-03-11 01:00:00,800,19201,957,589,368,262,106,1712,350,1362,1007,355,74921,74514
"75",2017-03-11 02:00:00,800,19202,976,557,419,276,143,1524,311,1213,890,323,71840,71453
"76",2017-03-11 03:00:00,800,19203,900,566,334,230,104,1179,198,981,720,261,69607,69194
"77",2017-03-11 04:00:00,800,19204,769,466,303,191,112,917,184,733,527,206,67321,66941
"78",2017-03-11 05:00:00,800,19205,636,366,270,164,106,648,139,509,386,123,62423,62066
"79",2017-03-11 06:00:00,800,19206,511,274,237,142,95,421,86,335,238,97,59957,59574
"80",2017-03-11 07:00:00,800,19207,435,288,147,91,56,218,70,148,106,42,56667,56312
"81",2017-03-11 08:00:00,800,19208,318,227,91,49,42,109,37,72,51,21,55922,55590
"82",2017-03-11 09:00:00,800,19209,302,214,88,46,42,96,41,55,41,14,54953,54630
"83",2017-03-11 10:00:00,800,19210,230,186,44,25,19,91,45,46,33,13,55150,54817
"84",2017-03-11 11:00:00,800,19211,278,219,59,38,21,89,32,57,40,17,59572,59226
"85",2017-03-11 12:00:00,800,19212,352,251,101,69,32,282,90,192,132,60,69636,69275
"86",2017-03-11 13:00:00,800,19213,484,348,136,89,47,569,138,431,310,121,80094,79634
"87",2017-03-11 14:00:00,800,19214,695,480,215,135,80,1141,280,861,607,254,90019,89493
"88",2017-03-11 15:00:00,800,19215,919,645,274,149,125,1654,325,1329,930,399,97695,97143
"89",2017-03-11 16:00:00,800,19216,1142,777,365,215,150,1740,433,1307,925,382,101405,100810
"90",2017-03-11 17:00:00,800,19217,1096,736,360,222,138,1850,442,1408,1010,398,99800,99243
"91",2017-03-11 18:00:00,800,19218,1084,730,354,216,138,2085,425,1660,1186,474,95387,94778
"92",2017-03-11 19:00:00,800,19219,1048,703,345,210,135,2153,446,1707,1207,500,91109,90565
"93",2017-03-11 20:00:00,800,19220,1062,710,352,219,133,1926,421,1505,1097,408,88574,87995
"94",2017-03-11 21:00:00,800,19221,1060,703,357,247,110,2132,497,1635,1167,468,83399,82878
"95",2017-03-11 22:00:00,800,19222,1113,667,446,308,138,1915,411,1504,1094,410,77681,77178
"96",2017-03-11 23:00:00,800,19223,1134,680,454,295,159,1790,352,1438,1044,394,71246,70806
"97",2017-03-12 00:00:00,801,19224,1083,656,427,259,168,1591,320,1271,921,350,68804,68385
"98",2017-03-12 01:00:00,801,19225,990,594,396,242,154,1511,258,1253,916,337,65086,64704
"99",2017-03-12 02:00:00,801,19226,997,565,432,278,154,1471,232,1239,918,321,66571,66152
"100",2017-03-12 03:00:00,801,19227,927,556,371,236,135,1153,160,993,730,263,67369,67015
"101",2017-03-12 04:00:00,801,19228,795,470,325,214,111,821,126,695,495,200,67102,66698
"102",2017-03-12 05:00:00,801,19229,764,425,339,221,118,557,115,442,318,124,62384,62043
"103",2017-03-12 06:00:00,801,19230,529,330,199,127,72,320,62,258,199,59,59110,58730
"104",2017-03-12 07:00:00,801,19231,379,230,149,104,45,210,55,155,112,43,57294,56962
"105",2017-03-12 08:00:00,801,19232,324,224,100,55,45,117,52,65,48,17,55854,55553
"106",2017-03-12 09:00:00,801,19233,288,197,91,51,40,79,32,47,29,18,53881,53550
"107",2017-03-12 10:00:00,801,19234,277,218,59,32,27,81,33,48,30,18,56515,56170
"108",2017-03-12 11:00:00,801,19235,295,236,59,33,26,110,35,75,55,20,60365,60004
"109",2017-03-12 12:00:00,801,19236,340,260,80,53,27,266,63,203,141,62,67924,67545
"110",2017-03-12 13:00:00,801,19237,487,317,170,117,53,577,109,468,333,135,74867,74447
"111",2017-03-12 14:00:00,801,19238,638,446,192,103,89,929,175,754,524,230,82963,82466
"112",2017-03-12 15:00:00,801,19239,749,513,236,147,89,1261,235,1026,717,309,88971,88420
"113",2017-03-12 16:00:00,801,19240,922,619,303,174,129,1540,261,1279,915,364,93088,92524
"114",2017-03-12 17:00:00,801,19241,953,637,316,203,113,1895,304,1591,1148,443,95393,94847
"115",2017-03-12 18:00:00,801,19242,1080,712,368,221,147,2048,383,1665,1186,479,95523,94975
"116",2017-03-12 19:00:00,801,19243,1064,704,360,221,139,1909,346,1563,1157,406,93272,92730
"117",2017-03-12 20:00:00,801,19244,1047,665,382,258,124,1908,418,1490,1090,400,89254,88686
"118",2017-03-12 21:00:00,801,19245,1069,676,393,264,129,1769,365,1404,1046,358,84725,84225
"119",2017-03-12 22:00:00,801,19246,1042,677,365,221,144,1950,375,1575,1142,433,79997,79507
"120",2017-03-12 23:00:00,801,19247,1061,634,427,259,168,1737,346,1391,1024,367,80469,79985
"121",2017-03-13 00:00:00,802,19248,1087,682,405,253,152,1575,302,1273,923,350,85575,85089
"122",2017-03-13 01:00:00,802,19249,1034,659,375,259,116,1193,208,985,716,269,92007,91458
"123",2017-03-13 02:00:00,802,19250,938,614,324,198,126,933,208,725,512,213,85981,85407
"124",2017-03-13 03:00:00,802,19251,726,454,272,174,98,668,128,540,385,155,80177,79688
"125",2017-03-13 04:00:00,802,19252,630,424,206,122,84,431,86,345,259,86,75450,74999
"126",2017-03-13 05:00:00,802,19253,495,347,148,87,61,254,68,186,134,52,72663,72191
"127",2017-03-13 06:00:00,802,19254,393,254,139,89,50,166,51,115,82,33,78611,78053
"128",2017-03-13 07:00:00,802,19255,322,227,95,48,47,105,33,72,55,17,84210,83641
"129",2017-03-13 08:00:00,802,19256,293,243,50,28,22,65,23,42,30,12,86536,85945
"130",2017-03-13 09:00:00,802,19257,278,221,57,39,18,84,47,37,25,12,91352,90723
"131",2017-03-13 10:00:00,802,19258,293,239,54,34,20,104,34,70,45,25,103801,103157
"132",2017-03-13 11:00:00,802,19259,356,293,63,29,34,196,63,133,93,40,149023,148303
"133",2017-03-13 12:00:00,802,19260,446,356,90,51,39,533,159,374,256,118,224186,223109
"134",2017-03-13 13:00:00,802,19261,676,555,121,74,47,967,316,651,420,231,251742,250357
"135",2017-03-13 14:00:00,802,19262,758,620,138,76,62,1136,363,773,530,243,247884,246373
"136",2017-03-13 15:00:00,802,19263,914,739,175,98,77,1587,451,1136,784,352,238594,237115
"137",2017-03-13 16:00:00,802,19264,917,747,170,90,80,1699,495,1204,842,362,213020,211663
"138",2017-03-13 17:00:00,802,19265,1036,809,227,133,94,1830,556,1274,869,405,202342,201088
"139",2017-03-13 18:00:00,802,19266,1119,844,275,171,104,1979,606,1373,975,398,194038,192825
"140",2017-03-13 19:00:00,802,19267,1185,844,341,214,127,2658,547,2111,1483,628,185066,183880
"141",2017-03-13 20:00:00,802,19268,1222,854,368,238,130,2782,590,2192,1543,649,167561,166485
"142",2017-03-13 21:00:00,802,19269,1203,838,365,220,145,2516,577,1939,1393,546,139616,138753
"143",2017-03-13 22:00:00,802,19270,1241,834,407,250,157,2401,493,1908,1391,517,115049,114342
"144",2017-03-13 23:00:00,802,19271,1166,766,400,264,136,2317,420,1897,1383,514,102017,101387
"145",2017-03-14 00:00:00,803,19272,1116,688,428,260,168,1976,404,1572,1148,424,95154,94583
"146",2017-03-14 01:00:00,803,19273,1088,714,374,229,145,1772,333,1439,1040,399,94217,93634
"147",2017-03-14 02:00:00,803,19274,1022,650,372,241,131,1279,249,1030,740,290,89893,89319
"148",2017-03-14 03:00:00,803,19275,893,595,298,196,102,869,179,690,515,175,84865,84340
"149",2017-03-14 04:00:00,803,19276,673,443,230,164,66,549,127,422,314,108,80139,79636
"150",2017-03-14 05:00:00,803,19277,501,332,169,111,58,338,91,247,175,72,77257,76761
"151",2017-03-14 06:00:00,803,19278,370,263,107,67,40,184,56,128,96,32,80681,80155
"152",2017-03-14 07:00:00,803,19279,351,261,90,62,28,119,43,76,53,23,85205,84586
"153",2017-03-14 08:00:00,803,19280,349,275,74,43,31,83,44,39,27,12,87719,87036
"154",2017-03-14 09:00:00,803,19281,342,289,53,31,22,76,29,47,32,15,91345,90701
"155",2017-03-14 10:00:00,803,19282,285,240,45,32,13,87,43,44,33,11,96437,95756
"156",2017-03-14 11:00:00,803,19283,336,266,70,43,27,197,73,124,83,41,115800,115069
"157",2017-03-14 12:00:00,803,19284,457,360,97,55,42,483,141,342,237,105,156324,155466
"158",2017-03-14 13:00:00,803,19285,669,531,138,87,51,892,252,640,445,195,184543,183388
"159",2017-03-14 14:00:00,803,19286,844,668,176,106,70,1471,368,1103,777,326,196723,195455
"160",2017-03-14 15:00:00,803,19287,1028,777,251,155,96,1844,486,1358,931,427,198175,196861
"161",2017-03-14 16:00:00,803,19288,1077,807,270,186,84,2044,570,1474,1048,426,182394,181165
"162",2017-03-14 17:00:00,803,19289,1178,832,346,230,116,2203,646,1557,1092,465,177664,176473
"163",2017-03-14 18:00:00,803,19290,1249,901,348,224,124,2085,615,1470,1056,414,174492,173275
"164",2017-03-14 19:00:00,803,19291,1249,875,374,234,140,2226,671,1555,1116,439,167999,166932
"165",2017-03-14 20:00:00,803,19292,1204,830,374,262,112,2417,647,1770,1267,503,160451,159303
"166",2017-03-14 21:00:00,803,19293,1308,855,453,296,157,2512,645,1867,1349,518,139728,138854
"167",2017-03-14 22:00:00,803,19294,1142,733,409,274,135,2667,524,2143,1521,622,121975,121183
"168",2017-03-14 23:00:00,803,19295,1250,796,454,299,155,2335,483,1852,1324,528,110770,110078
"169",2017-03-15 00:00:00,804,19296,1126,677,449,299,150,2009,390,1619,1191,428,105689,105043
"170",2017-03-15 01:00:00,804,19297,1115,716,399,263,136,1661,333,1328,969,359,103228,102581
"171",2017-03-15 02:00:00,804,19298,1000,588,412,272,140,1261,233,1028,755,273,99179,98543
"172",2017-03-15 03:00:00,804,19299,863,548,315,204,111,881,184,697,506,191,93996,93378
"173",2017-03-15 04:00:00,804,19300,716,476,240,172,68,559,105,454,335,119,87589,87017
"174",2017-03-15 05:00:00,804,19301,558,373,185,111,74,395,119,276,202,74,83165,82600
"175",2017-03-15 06:00:00,804,19302,403,287,116,66,50,183,59,124,87,37,87161,86556
"176",2017-03-15 07:00:00,804,19303,311,240,71,39,32,136,49,87,59,28,93885,93268
"177",2017-03-15 08:00:00,804,19304,291,229,62,34,28,98,47,51,34,17,95828,95165
"178",2017-03-15 09:00:00,804,19305,301,240,61,35,26,48,23,25,19,6,98438,97669
"179",2017-03-15 10:00:00,804,19306,316,262,54,33,21,150,70,80,56,24,105025,104300
"180",2017-03-15 11:00:00,804,19307,331,263,68,39,29,206,82,124,80,44,122188,121399
"181",2017-03-15 12:00:00,804,19308,476,384,92,49,43,580,198,382,263,119,161440,160464
"182",2017-03-15 13:00:00,804,19309,694,579,115,69,46,1023,332,691,455,236,192863,191668
"183",2017-03-15 14:00:00,804,19310,802,665,137,90,47,1339,461,878,612,266,207770,206296
"184",2017-03-15 15:00:00,804,19311,898,736,162,110,52,1554,575,979,678,301,208469,207048
"185",2017-03-15 16:00:00,804,19312,994,759,235,134,101,1810,620,1190,852,338,195843,194522
"186",2017-03-15 17:00:00,804,19313,983,767,216,138,78,1897,604,1293,908,385,189658,188347
"187",2017-03-15 18:00:00,804,19314,1058,785,273,174,99,2090,707,1383,979,404,182205,180903
"188",2017-03-15 19:00:00,804,19315,1084,805,279,184,95,2178,709,1469,1049,420,175008,173717
"189",2017-03-15 20:00:00,804,19316,1131,781,350,221,129,2213,682,1531,1104,427,162847,161690
"190",2017-03-15 21:00:00,804,19317,1123,777,346,216,130,2424,613,1811,1305,506,149149,148179
"191",2017-03-15 22:00:00,804,19318,1240,839,401,254,147,2435,612,1823,1339,484,135011,134057
"192",2017-03-15 23:00:00,804,19319,1298,875,423,288,135,2350,596,1754,1273,481,121757,120888
"193",2017-03-16 00:00:00,805,19320,1229,769,460,312,148,2004,486,1518,1099,419,118723,117985
"194",2017-03-16 01:00:00,805,19321,1119,707,412,271,141,1628,399,1229,886,343,117335,116590
"195",2017-03-16 02:00:00,805,19322,962,587,375,252,123,1174,274,900,649,251,109426,108746
"196",2017-03-16 03:00:00,805,19323,897,601,296,209,87,863,237,626,456,170,100914,100301
"197",2017-03-16 04:00:00,805,19324,710,461,249,170,79,573,162,411,295,116,92781,92156
"198",2017-03-16 05:00:00,805,19325,566,394,172,116,56,327,106,221,161,60,87561,86991
"199",2017-03-16 06:00:00,805,19326,429,296,133,90,43,192,68,124,86,38,90763,90132
"200",2017-03-16 07:00:00,805,19327,343,256,87,46,41,133,57,76,56,20,97346,96633
"201",2017-03-16 08:00:00,805,19328,340,268,72,47,25,97,46,51,33,18,99887,99173
"202",2017-03-16 09:00:00,805,19329,293,243,50,33,17,87,41,46,32,14,102365,101612
"203",2017-03-16 10:00:00,805,19330,323,272,51,29,22,126,57,69,50,19,113256,112505
"204",2017-03-16 11:00:00,805,19331,372,320,52,31,21,251,114,137,93,44,141961,141231
"205",2017-03-16 12:00:00,805,19332,478,391,87,48,39,553,216,337,223,114,201130,200049
"206",2017-03-16 13:00:00,805,19333,630,534,96,71,25,1093,379,714,493,221,236091,234609
"207",2017-03-16 14:00:00,805,19334,819,702,117,78,39,1233,465,768,543,225,242983,241392
"208",2017-03-16 15:00:00,805,19335,930,768,162,110,52,1512,565,947,652,295,238316,236780
"209",2017-03-16 16:00:00,805,19336,983,795,188,123,65,1755,612,1143,817,326,219574,218111
"210",2017-03-16 17:00:00,805,19337,1087,845,242,157,85,1896,622,1274,910,364,213465,212060
"211",2017-03-16 18:00:00,805,19338,1056,775,281,166,115,2071,725,1346,957,389,205149,203880
"212",2017-03-16 19:00:00,805,19339,1133,847,286,172,114,2168,704,1464,1038,426,192732,191551
"213",2017-03-16 20:00:00,805,19340,1156,871,285,189,96,2279,683,1596,1148,448,179592,178433
"214",2017-03-16 21:00:00,805,19341,1183,857,326,211,115,2357,610,1747,1270,477,153918,152973
"215",2017-03-16 22:00:00,805,19342,1195,822,373,238,135,2203,540,1663,1206,457,132211,131375
"216",2017-03-16 23:00:00,805,19343,1183,752,431,283,148,2121,532,1589,1130,459,116630,115935
"217",2017-03-17 00:00:00,806,19344,1130,724,406,260,146,1861,457,1404,1013,391,111221,110563
"218",2017-03-17 01:00:00,806,19345,1188,686,502,316,186,1755,391,1364,998,366,108547,107858
"219",2017-03-17 02:00:00,806,19346,981,614,367,245,122,1360,336,1024,740,284,101190,100556
"220",2017-03-17 03:00:00,806,19347,889,572,317,224,93,1021,242,779,552,227,92364,91808
"221",2017-03-17 04:00:00,806,19348,653,422,231,137,94,671,147,524,359,165,81281,80808
"222",2017-03-17 05:00:00,806,19349,499,324,175,110,65,400,113,287,211,76,76078,75608
"223",2017-03-17 06:00:00,806,19350,404,263,141,83,58,176,52,124,92,32,79788,79264
"224",2017-03-17 07:00:00,806,19351,342,261,81,53,28,147,45,102,67,35,83692,83130
"225",2017-03-17 08:00:00,806,19352,299,232,67,40,27,97,34,63,43,20,85684,85066
"226",2017-03-17 09:00:00,806,19353,311,249,62,44,18,91,42,49,33,16,89900,89252
"227",2017-03-17 10:00:00,806,19354,323,261,62,45,17,126,53,73,49,24,96458,95835
"228",2017-03-17 11:00:00,806,19355,377,309,68,41,27,223,92,131,85,46,123179,122422
"229",2017-03-17 12:00:00,806,19356,435,360,75,45,30,550,200,350,241,109,171855,170881
"230",2017-03-17 13:00:00,806,19357,660,520,140,94,46,1011,354,657,448,209,200206,198941
"231",2017-03-17 14:00:00,806,19358,797,642,155,106,49,1296,484,812,563,249,204342,203033
"232",2017-03-17 15:00:00,806,19359,875,677,198,130,68,1561,626,935,647,288,200662,199319
"233",2017-03-17 16:00:00,806,19360,909,709,200,117,83,1651,591,1060,751,309,182178,180925
"234",2017-03-17 17:00:00,806,19361,940,711,229,150,79,1864,646,1218,852,366,175371,174215
"235",2017-03-17 18:00:00,806,19362,1028,748,280,200,80,2118,729,1389,983,406,166900,165733
"236",2017-03-17 19:00:00,806,19363,1119,843,276,174,102,2262,677,1585,1112,473,156863,155861
"237",2017-03-17 20:00:00,806,19364,1108,791,317,197,120,2319,697,1622,1188,434,144235,143248
"238",2017-03-17 21:00:00,806,19365,982,640,342,201,141,2192,586,1606,1187,419,121489,120687
"239",2017-03-17 22:00:00,806,19366,989,641,348,223,125,2141,548,1593,1161,432,103601,102955
"240",2017-03-17 23:00:00,806,19367,1071,647,424,294,130,2043,471,1572,1162,410,91673,91101
"241",2017-03-18 00:00:00,807,19368,1057,596,461,316,145,1888,401,1487,1079,408,83588,83055
"242",2017-03-18 01:00:00,807,19369,966,569,397,272,125,1628,331,1297,958,339,78493,78007
"243",2017-03-18 02:00:00,807,19370,910,525,385,260,125,1369,278,1091,812,279,76304,75863
"244",2017-03-18 03:00:00,807,19371,844,487,357,229,128,1044,213,831,604,227,74170,73759
"245",2017-03-18 04:00:00,807,19372,735,438,297,195,102,713,152,561,415,146,67931,67511
"246",2017-03-18 05:00:00,807,19373,564,340,224,143,81,443,84,359,267,92,63455,63080
"247",2017-03-18 06:00:00,807,19374,399,270,129,78,51,245,70,175,128,47,60975,60643
"248",2017-03-18 07:00:00,807,19375,389,271,118,75,43,127,55,72,52,20,60500,60119
"249",2017-03-18 08:00:00,807,19376,302,203,99,47,52,97,39,58,42,16,58831,58471
"250",2017-03-18 09:00:00,807,19377,273,188,85,55,30,106,51,55,40,15,60523,60131
"251",2017-03-18 10:00:00,807,19378,248,174,74,56,18,134,47,87,64,23,65051,64665
"252",2017-03-18 11:00:00,807,19379,329,237,92,57,35,183,68,115,80,35,72938,72521
"253",2017-03-18 12:00:00,807,19380,402,291,111,71,40,420,114,306,214,92,84348,83910
"254",2017-03-18 13:00:00,807,19381,604,433,171,102,69,914,237,677,473,204,95279,94782
"255",2017-03-18 14:00:00,807,19382,909,638,271,172,99,1521,395,1126,794,332,105424,104811
"256",2017-03-18 15:00:00,807,19383,1060,736,324,213,111,1714,407,1307,923,384,109382,108732
"257",2017-03-18 16:00:00,807,19384,1071,738,333,208,125,1849,476,1373,983,390,108812,108186
"258",2017-03-18 17:00:00,807,19385,1058,752,306,217,89,2063,532,1531,1098,433,107230,106573
"259",2017-03-18 18:00:00,807,19386,1181,829,352,230,122,2163,557,1606,1133,473,102812,102185
"260",2017-03-18 19:00:00,807,19387,1082,725,357,236,121,2090,557,1533,1084,449,99666,99065
"261",2017-03-18 20:00:00,807,19388,1010,701,309,213,96,1946,464,1482,1080,402,92908,92341
"262",2017-03-18 21:00:00,807,19389,1059,671,388,269,119,1911,472,1439,1058,381,87582,87076
"263",2017-03-18 22:00:00,807,19390,1156,728,428,295,133,1900,424,1476,1057,419,82019,81510
"264",2017-03-18 23:00:00,807,19391,1097,641,456,307,149,1760,395,1365,1001,364,76633,76152
"265",2017-03-19 00:00:00,808,19392,1046,641,405,290,115,1678,390,1288,936,352,75115,74672
"266",2017-03-19 01:00:00,808,19393,1068,621,447,299,148,1576,298,1278,934,344,71782,71350
"267",2017-03-19 02:00:00,808,19394,913,526,387,270,117,1105,226,879,650,229,70995,70576
"268",2017-03-19 03:00:00,808,19395,831,494,337,241,96,928,168,760,552,208,69836,69405
"269",2017-03-19 04:00:00,808,19396,705,398,307,207,100,618,145,473,338,135,66916,66509
"270",2017-03-19 05:00:00,808,19397,593,375,218,144,74,388,102,286,209,77,62321,61959
"271",2017-03-19 06:00:00,808,19398,467,296,171,101,70,246,68,178,127,51,59510,59171
"272",2017-03-19 07:00:00,808,19399,368,250,118,77,41,153,42,111,78,33,58594,58271
"273",2017-03-19 08:00:00,808,19400,300,209,91,66,25,117,45,72,50,22,58084,57714
"274",2017-03-19 09:00:00,808,19401,266,201,65,43,22,91,48,43,28,15,58271,57922
"275",2017-03-19 10:00:00,808,19402,295,231,64,40,24,84,33,51,36,15,61704,61361
"276",2017-03-19 11:00:00,808,19403,312,244,68,38,30,161,63,98,66,32,68926,68552
"277",2017-03-19 12:00:00,808,19404,394,298,96,59,37,361,70,291,208,83,77204,76747
"278",2017-03-19 13:00:00,808,19405,559,405,154,94,60,715,151,564,395,169,86770,86292
"279",2017-03-19 14:00:00,808,19406,732,501,231,141,90,1225,269,956,690,266,96046,95505
"280",2017-03-19 15:00:00,808,19407,920,624,296,193,103,1326,326,1000,718,282,101764,101190
"281",2017-03-19 16:00:00,808,19408,942,652,290,189,101,1625,397,1228,880,348,104029,103444
"282",2017-03-19 17:00:00,808,19409,1054,721,333,207,126,1729,421,1308,949,359,102560,101906
"283",2017-03-19 18:00:00,808,19410,1149,752,397,262,135,1818,477,1341,983,358,102217,101573
"284",2017-03-19 19:00:00,808,19411,1088,733,355,236,119,1875,486,1389,1027,362,98024,97460
"285",2017-03-19 20:00:00,808,19412,1052,691,361,237,124,1827,432,1395,1035,360,94503,93952
"286",2017-03-19 21:00:00,808,19413,1037,683,354,239,115,1767,469,1298,937,361,89850,89325
"287",2017-03-19 22:00:00,808,19414,1070,676,394,261,133,1787,420,1367,993,374,86884,86307
"288",2017-03-19 23:00:00,808,19415,1064,680,384,260,124,1648,377,1271,929,342,85279,84734
"289",2017-03-20 00:00:00,809,19416,1083,694,389,267,122,1561,354,1207,877,330,91788,91300
"290",2017-03-20 01:00:00,809,19417,948,609,339,229,110,1265,281,984,710,274,98443,97862
"291",2017-03-20 02:00:00,809,19418,852,576,276,188,88,860,196,664,490,174,91571,91013
"292",2017-03-20 03:00:00,809,19419,747,501,246,165,81,561,112,449,321,128,86521,85978
"293",2017-03-20 04:00:00,809,19420,556,372,184,110,74,405,100,305,215,90,82701,82173
"294",2017-03-20 05:00:00,809,19421,468,344,124,80,44,236,50,186,130,56,79577,79076
"295",2017-03-20 06:00:00,809,19422,342,240,102,60,42,133,46,87,64,23,85416,84830
"296",2017-03-20 07:00:00,809,19423,301,239,62,38,24,131,60,71,46,25,90681,90079
"297",2017-03-20 08:00:00,809,19424,301,241,60,32,28,79,37,42,29,13,94117,93429
"298",2017-03-20 09:00:00,809,19425,298,250,48,30,18,59,26,33,24,9,101733,100973
"299",2017-03-20 10:00:00,809,19426,366,315,51,32,19,108,41,67,49,18,116925,116197
"300",2017-03-20 11:00:00,809,19427,375,304,71,54,17,231,77,154,101,53,173656,172761
"301",2017-03-20 12:00:00,809,19428,433,362,71,49,22,576,186,390,256,134,261626,260306
"302",2017-03-20 13:00:00,809,19429,775,653,122,63,59,1166,417,749,486,263,290107,288390
"303",2017-03-20 14:00:00,809,19430,859,730,129,79,50,1338,475,863,579,284,276737,275000
"304",2017-03-20 15:00:00,809,19431,996,845,151,100,51,1597,609,988,678,310,258847,257157
"305",2017-03-20 16:00:00,809,19432,1016,837,179,116,63,1763,661,1102,758,344,228351,226828
"306",2017-03-20 17:00:00,809,19433,993,796,197,113,84,1924,750,1174,810,364,214254,212861
"307",2017-03-20 18:00:00,809,19434,1031,796,235,137,98,2067,752,1315,927,388,205454,204074
"308",2017-03-20 19:00:00,809,19435,1108,845,263,165,98,2331,753,1578,1102,476,192137,190767
"309",2017-03-20 20:00:00,809,19436,1181,864,317,210,107,2572,737,1835,1280,555,176611,175425
"310",2017-03-20 21:00:00,809,19437,1212,855,357,236,121,2373,680,1693,1221,472,148230,147283
"311",2017-03-20 22:00:00,809,19438,1162,799,363,230,133,2553,634,1919,1378,541,121890,121126
"312",2017-03-20 23:00:00,809,19439,1218,787,431,303,128,5892,553,5339,4456,883,111721,111076
"313",2017-03-21 00:00:00,810,19440,1636,892,744,540,204,11724,466,11258,9778,1480,122501,121819
"314",2017-03-21 01:00:00,810,19441,1443,815,628,407,221,7539,417,7122,6015,1107,113147,112466
"315",2017-03-21 02:00:00,810,19442,1122,672,450,325,125,2637,278,2359,1901,458,99334,98671
"316",2017-03-21 03:00:00,810,19443,907,483,424,321,103,1548,190,1358,1059,299,90228,89665
"317",2017-03-21 04:00:00,810,19444,790,457,333,244,89,1081,123,958,744,214,83423,82925
"318",2017-03-21 05:00:00,810,19445,607,376,231,184,47,579,105,474,374,100,78469,77984
"319",2017-03-21 06:00:00,810,19446,442,282,160,115,45,268,56,212,167,45,83168,82602
"320",2017-03-21 07:00:00,810,19447,415,300,115,76,39,151,48,103,77,26,86656,86038
"321",2017-03-21 08:00:00,810,19448,339,235,104,69,35,114,51,63,45,18,90278,89612
"322",2017-03-21 09:00:00,810,19449,332,266,66,42,24,92,32,60,40,20,95179,94526
"323",2017-03-21 10:00:00,810,19450,428,330,98,54,44,137,39,98,66,32,102004,101295
"324",2017-03-21 11:00:00,810,19451,427,326,101,66,35,356,108,248,167,81,126027,125271
"325",2017-03-21 12:00:00,810,19452,572,420,152,89,63,644,211,433,293,140,174615,173615
"326",2017-03-21 13:00:00,810,19453,748,573,175,112,63,1181,396,785,528,257,208285,206989
"327",2017-03-21 14:00:00,810,19454,908,704,204,129,75,1389,480,909,646,263,216564,215124
"328",2017-03-21 15:00:00,810,19455,981,736,245,143,102,1797,534,1263,893,370,213410,211930
"329",2017-03-21 16:00:00,810,19456,1052,823,229,150,79,1935,638,1297,911,386,196360,195067
"330",2017-03-21 17:00:00,810,19457,570,457,113,67,46,6001,497,5504,3703,1801,209771,208498
"331",2017-03-21 18:00:00,810,19458,245,205,40,32,8,6185,469,5716,4005,1711,259675,258055
"332",2017-03-21 19:00:00,810,19459,1194,792,402,290,112,6377,825,5552,4057,1495,207364,205996
"333",2017-03-21 20:00:00,810,19460,1197,879,318,224,94,2794,690,2104,1515,589,170152,169012
"334",2017-03-21 21:00:00,810,19461,1319,879,440,319,121,2529,545,1984,1417,567,141336,140361
"335",2017-03-21 22:00:00,810,19462,1327,828,499,371,128,2756,542,2214,1576,638,119736,119034
"336",2017-03-21 23:00:00,810,19463,1390,847,543,379,164,2733,573,2160,1562,598,108223,107578
"337",2017-03-22 00:00:00,811,19464,1455,837,618,443,175,3155,480,2675,2015,660,104492,103882
"338",2017-03-22 01:00:00,811,19465,1237,740,497,367,130,2128,404,1724,1284,440,100930,100302
"339",2017-03-22 02:00:00,811,19466,1118,657,461,310,151,1374,251,1123,802,321,94199,93579
"340",2017-03-22 03:00:00,811,19467,952,597,355,241,114,911,192,719,522,197,88709,88158
"341",2017-03-22 04:00:00,811,19468,724,463,261,180,81,611,135,476,338,138,81857,81364
"342",2017-03-22 05:00:00,811,19469,581,370,211,141,70,343,86,257,189,68,78162,77627
"343",2017-03-22 06:00:00,811,19470,446,307,139,76,63,211,49,162,116,46,83010,82462
"344",2017-03-22 07:00:00,811,19471,361,274,87,59,28,121,48,73,53,20,87362,86760
"345",2017-03-22 08:00:00,811,19472,317,240,77,43,34,78,37,41,30,11,89940,89326
"346",2017-03-22 09:00:00,811,19473,358,291,67,46,21,71,30,41,31,10,94727,93996
"347",2017-03-22 10:00:00,811,19474,384,296,88,63,25,158,46,112,76,36,100024,99308
"348",2017-03-22 11:00:00,811,19475,418,319,99,62,37,301,94,207,137,70,117116,116405
"349",2017-03-22 12:00:00,811,19476,588,465,123,77,46,563,166,397,262,135,152763,151808
"350",2017-03-22 13:00:00,811,19477,779,626,153,97,56,1057,345,712,488,224,186139,184943
"351",2017-03-22 14:00:00,811,19478,903,744,159,114,45,1369,482,887,623,264,201646,200229
"352",2017-03-22 15:00:00,811,19479,1066,867,199,121,78,1653,581,1072,752,320,201104,199649
"353",2017-03-22 16:00:00,811,19480,1060,840,220,142,78,1831,622,1209,829,380,186966,185690
"354",2017-03-22 17:00:00,811,19481,1134,911,223,150,73,2054,753,1301,905,396,182638,181411
"355",2017-03-22 18:00:00,811,19482,1157,878,279,155,124,1986,664,1322,930,392,178673,177438
"356",2017-03-22 19:00:00,811,19483,1075,718,357,214,143,2384,752,1632,1141,491,168766,167623
"357",2017-03-22 20:00:00,811,19484,1089,777,312,194,118,2477,748,1729,1260,469,157704,156629
"358",2017-03-22 21:00:00,811,19485,836,617,219,141,78,2572,653,1919,1389,530,137563,136719
"359",2017-03-22 22:00:00,811,19486,1011,643,368,236,132,2529,602,1927,1389,538,120399,119607
"360",2017-03-22 23:00:00,811,19487,1295,825,470,300,170,2491,545,1946,1408,538,108202,107522
"361",2017-03-23 00:00:00,812,19488,1206,732,474,314,160,2116,430,1686,1235,451,102104,101446
"362",2017-03-23 01:00:00,812,19489,1091,667,424,284,140,1845,378,1467,1051,416,103518,102946
"363",2017-03-23 02:00:00,812,19490,953,560,393,255,138,1275,301,974,725,249,97821,97220
"364",2017-03-23 03:00:00,812,19491,819,498,321,213,108,986,165,821,579,242,90306,89779
"365",2017-03-23 04:00:00,812,19492,626,390,236,154,82,579,160,419,307,112,83330,82816
"366",2017-03-23 05:00:00,812,19493,530,351,179,106,73,314,87,227,174,53,79326,78811
"367",2017-03-23 06:00:00,812,19494,380,265,115,77,38,168,60,108,71,37,86223,85699
"368",2017-03-23 07:00:00,812,19495,304,233,71,51,20,98,45,53,39,14,91412,90791
"369",2017-03-23 08:00:00,812,19496,287,217,70,37,33,68,34,34,24,10,95000,94311
"370",2017-03-23 09:00:00,812,19497,313,239,74,47,27,56,29,27,18,9,98988,98289
"371",2017-03-23 10:00:00,812,19498,318,267,51,35,16,82,39,43,31,12,106624,105933
"372",2017-03-23 11:00:00,812,19499,367,291,76,46,30,193,75,118,75,43,136149,135347
"373",2017-03-23 12:00:00,812,19500,504,411,93,65,28,605,183,422,279,143,191631,190632
"374",2017-03-23 13:00:00,812,19501,705,581,124,73,51,997,340,657,431,226,227688,226272
"375",2017-03-23 14:00:00,812,19502,843,668,175,110,65,1120,456,664,458,206,235671,234111
"376",2017-03-23 15:00:00,812,19503,1001,798,203,129,74,1228,521,707,488,219,231426,229962
"377",2017-03-23 16:00:00,812,19504,983,803,180,113,67,1642,650,992,701,291,210429,209044
"378",2017-03-23 17:00:00,812,19505,996,791,205,138,67,1669,614,1055,726,329,204817,203538
"379",2017-03-23 18:00:00,812,19506,986,780,206,145,61,1731,642,1089,786,303,199224,197935
"380",2017-03-23 19:00:00,812,19507,1015,759,256,159,97,1978,629,1349,947,402,186794,185573
"381",2017-03-23 20:00:00,812,19508,1097,769,328,212,116,2265,679,1586,1134,452,171071,169999
"382",2017-03-23 21:00:00,812,19509,1096,760,336,221,115,2252,605,1647,1181,466,143621,142747
"383",2017-03-23 22:00:00,812,19510,1085,711,374,259,115,2148,562,1586,1135,451,118462,117717
"384",2017-03-23 23:00:00,812,19511,1017,639,378,243,135,2033,573,1460,1047,413,104942,104308
"385",2017-03-24 00:00:00,813,19512,988,620,368,259,109,1748,458,1290,943,347,99324,98742
"386",2017-03-24 01:00:00,813,19513,1117,653,464,325,139,1642,328,1314,999,315,98506,97915
"387",2017-03-24 02:00:00,813,19514,973,600,373,261,112,1394,279,1115,836,279,93464,92910
"388",2017-03-24 03:00:00,813,19515,756,510,246,156,90,801,219,582,435,147,84861,84354
"389",2017-03-24 04:00:00,813,19516,649,436,213,140,73,477,142,335,246,89,76975,76465
"390",2017-03-24 05:00:00,813,19517,512,353,159,105,54,266,91,175,128,47,72210,71788
"391",2017-03-24 06:00:00,813,19518,360,256,104,63,41,69,26,43,31,12,76039,75560
"392",2017-03-24 07:00:00,813,19519,287,200,87,56,31,137,49,88,63,25,80227,79691
"393",2017-03-24 08:00:00,813,19520,272,208,64,42,22,76,31,45,29,16,82992,82373
"394",2017-03-24 09:00:00,813,19521,305,255,50,26,24,77,18,59,42,17,87379,86758
"395",2017-03-24 10:00:00,813,19522,297,255,42,24,18,101,46,55,35,20,95425,94796
"396",2017-03-24 11:00:00,813,19523,395,316,79,43,36,228,74,154,101,53,123314,122546
"397",2017-03-24 12:00:00,813,19524,459,376,83,53,30,499,138,361,249,112,173568,172469
"398",2017-03-24 13:00:00,813,19525,680,548,132,74,58,1044,329,715,477,238,202715,201348
"399",2017-03-24 14:00:00,813,19526,773,606,167,81,86,1142,409,733,505,228,207268,205820
"400",2017-03-24 15:00:00,813,19527,852,704,148,94,54,1470,504,966,666,300,202682,201306
"401",2017-03-24 16:00:00,813,19528,934,729,205,137,68,1619,646,973,677,296,185523,184237
"402",2017-03-24 17:00:00,813,19529,1008,811,197,115,82,1840,647,1193,833,360,178714,177480
"403",2017-03-24 18:00:00,813,19530,990,786,204,138,66,1805,690,1115,767,348,174316,173063
"404",2017-03-24 19:00:00,813,19531,950,700,250,167,83,2166,774,1392,994,398,156624,155470
"405",2017-03-24 20:00:00,813,19532,1037,722,315,211,104,2260,650,1610,1128,482,144995,143945
"406",2017-03-24 21:00:00,813,19533,1019,692,327,223,104,2042,493,1549,1114,435,122772,121916
"407",2017-03-24 22:00:00,813,19534,1013,656,357,225,132,2188,512,1676,1222,454,102702,101995
"408",2017-03-24 23:00:00,813,19535,1055,633,422,278,144,1798,405,1393,1026,367,90700,90031
"409",2017-03-25 00:00:00,814,19536,939,539,400,244,156,1847,360,1487,1085,402,81982,81361
"410",2017-03-25 01:00:00,814,19537,978,585,393,241,152,1593,340,1253,904,349,78620,78023
"411",2017-03-25 02:00:00,814,19538,905,511,394,262,132,1225,245,980,713,267,75348,74762
"412",2017-03-25 03:00:00,814,19539,815,493,322,211,111,977,235,742,549,193,70475,69907
"413",2017-03-25 04:00:00,814,19540,728,459,269,182,87,639,134,505,376,129,66999,66480
"414",2017-03-25 05:00:00,814,19541,588,373,215,152,63,423,102,321,245,76,63657,63148
"415",2017-03-25 06:00:00,814,19542,431,252,179,99,80,260,59,201,153,48,60744,60231
"416",2017-03-25 07:00:00,814,19543,416,276,140,87,53,134,37,97,74,23,59266,58738
"417",2017-03-25 08:00:00,814,19544,323,225,98,65,33,82,34,48,37,11,58194,57681
"418",2017-03-25 09:00:00,814,19545,302,226,76,36,40,62,26,36,26,10,59789,59315
"419",2017-03-25 10:00:00,814,19546,322,226,96,63,33,96,42,54,35,19,62687,62135
"420",2017-03-25 11:00:00,814,19547,308,234,74,45,29,166,55,111,76,35,70542,70002
"421",2017-03-25 12:00:00,814,19548,436,323,113,71,42,410,109,301,203,98,80939,80337
"422",2017-03-25 13:00:00,814,19549,659,464,195,124,71,966,218,748,517,231,90495,89897
"423",2017-03-25 14:00:00,814,19550,846,576,270,178,92,1460,292,1168,806,362,99735,99009
"424",2017-03-25 15:00:00,814,19551,980,658,322,200,122,1672,411,1261,894,367,104413,103706
"425",2017-03-25 16:00:00,814,19552,1035,706,329,212,117,1769,429,1340,970,370,103557,102781
"426",2017-03-25 17:00:00,814,19553,1097,695,402,266,136,1874,439,1435,1044,391,104440,103629
"427",2017-03-25 18:00:00,814,19554,1136,797,339,224,115,2037,517,1520,1091,429,98540,97789
"428",2017-03-25 19:00:00,814,19555,1021,721,300,215,85,2109,578,1531,1090,441,95310,94620
"429",2017-03-25 20:00:00,814,19556,1008,664,344,248,96,1895,502,1393,1002,391,90778,90053
"430",2017-03-25 21:00:00,814,19557,1023,635,388,265,123,1838,455,1383,989,394,83156,82498
"431",2017-03-25 22:00:00,814,19558,1133,695,438,293,145,1791,388,1403,996,407,78755,78107
"432",2017-03-25 23:00:00,814,19559,1056,651,405,278,127,1595,375,1220,903,317,74886,74237
"433",2017-03-26 00:00:00,815,19560,1058,594,464,281,183,1575,324,1251,912,339,72132,71555
"434",2017-03-26 01:00:00,815,19561,1050,634,416,282,134,1473,284,1189,873,316,71154,70617
"435",2017-03-26 02:00:00,815,19562,965,539,426,297,129,1213,196,1017,731,286,69722,69184
"436",2017-03-26 03:00:00,815,19563,854,510,344,239,105,948,149,799,571,228,69528,68968
"437",2017-03-26 04:00:00,815,19564,706,401,305,197,108,583,104,479,350,129,67898,67367
"438",2017-03-26 05:00:00,815,19565,572,324,248,154,94,373,76,297,209,88,63518,63016
"439",2017-03-26 06:00:00,815,19566,403,256,147,85,62,253,52,201,145,56,61197,60695
"440",2017-03-26 07:00:00,815,19567,347,244,103,56,47,118,36,82,58,24,60232,59728
"441",2017-03-26 08:00:00,815,19568,296,215,81,50,31,96,38,58,40,18,59425,58968
"442",2017-03-26 09:00:00,815,19569,253,191,62,42,20,79,39,40,25,15,58432,57901
"443",2017-03-26 10:00:00,815,19570,295,211,84,47,37,79,29,50,35,15,60907,60434
"444",2017-03-26 11:00:00,815,19571,297,228,69,42,27,155,51,104,76,28,68072,67558
"445",2017-03-26 12:00:00,815,19572,376,268,108,70,38,313,83,230,164,66,74640,74087
"446",2017-03-26 13:00:00,815,19573,552,380,172,100,72,761,153,608,432,176,84464,83896
"447",2017-03-26 14:00:00,815,19574,694,484,210,135,75,1218,240,978,696,282,91888,91243
"448",2017-03-26 15:00:00,815,19575,895,632,263,160,103,1429,281,1148,826,322,98548,97791
"449",2017-03-26 16:00:00,815,19576,996,677,319,202,117,1713,345,1368,967,401,100455,99742
"450",2017-03-26 17:00:00,815,19577,1027,678,349,234,115,1771,341,1430,1019,411,101198,100443
"451",2017-03-26 18:00:00,815,19578,1083,725,358,229,129,1846,362,1484,1073,411,100807,100068
"452",2017-03-26 19:00:00,815,19579,1081,734,347,238,109,1860,444,1416,1041,375,99113,98343
"453",2017-03-26 20:00:00,815,19580,1050,706,344,231,113,1848,406,1442,1029,413,94132,93405
"454",2017-03-26 21:00:00,815,19581,1035,660,375,235,140,1750,394,1356,978,378,89165,88479
"455",2017-03-26 22:00:00,815,19582,1088,697,391,254,137,1805,356,1449,1055,394,84194,83515
"456",2017-03-26 23:00:00,815,19583,1092,677,415,259,156,1739,394,1345,976,369,83761,83096
"457",2017-03-27 00:00:00,816,19584,1066,707,359,225,134,1483,326,1157,826,331,91600,90932
"458",2017-03-27 01:00:00,816,19585,1034,647,387,266,121,1256,263,993,715,278,97764,97001
"459",2017-03-27 02:00:00,816,19586,853,570,283,187,96,810,151,659,481,178,92088,91367
"460",2017-03-27 03:00:00,816,19587,724,483,241,170,71,659,113,546,387,159,88631,87906
"461",2017-03-27 04:00:00,816,19588,610,417,193,124,69,409,90,319,223,96,84644,83967
"462",2017-03-27 05:00:00,816,19589,497,362,135,87,48,218,63,155,112,43,86058,85415
"463",2017-03-27 06:00:00,816,19590,329,258,71,40,31,160,55,105,77,28,95719,94944
"464",2017-03-27 07:00:00,816,19591,301,219,82,55,27,95,38,57,35,22,97686,96852
"465",2017-03-27 08:00:00,816,19592,312,275,37,23,14,62,29,33,22,11,98772,97846
"466",2017-03-27 09:00:00,816,19593,281,249,32,18,14,67,27,40,27,13,100561,99690
"467",2017-03-27 10:00:00,816,19594,317,258,59,40,19,101,40,61,42,19,112244,111426
"468",2017-03-27 11:00:00,816,19595,383,314,69,46,23,225,92,133,91,42,166774,165983
"469",2017-03-27 12:00:00,816,19596,456,367,89,55,34,474,153,321,211,110,249314,248033
"470",2017-03-27 13:00:00,816,19597,703,575,128,81,47,1081,350,731,488,243,277856,276236
"471",2017-03-27 14:00:00,816,19598,888,735,153,92,61,1312,432,880,591,289,263088,261462
"472",2017-03-27 15:00:00,816,19599,960,795,165,109,56,1598,552,1046,706,340,249137,247556
"473",2017-03-27 16:00:00,816,19600,974,792,182,122,60,1857,636,1221,832,389,219451,218053
"474",2017-03-27 17:00:00,816,19601,1157,961,196,135,61,1879,687,1192,835,357,210855,209568
"475",2017-03-27 18:00:00,816,19602,1197,975,222,125,97,2113,766,1347,932,415,204119,202791
"476",2017-03-27 19:00:00,816,19603,1326,1066,260,153,107,2338,756,1582,1104,478,192045,190785
"477",2017-03-27 20:00:00,816,19604,1267,956,311,189,122,2559,782,1777,1229,548,173685,172518
"478",2017-03-27 21:00:00,816,19605,1230,873,357,225,132,2616,690,1926,1372,554,144644,143739
"479",2017-03-27 22:00:00,816,19606,1211,845,366,247,119,2716,574,2142,1525,617,118065,117359
"480",2017-03-27 23:00:00,816,19607,1148,766,382,274,108,2385,558,1827,1294,533,106270,105612
"481",2017-03-28 00:00:00,817,19608,1135,739,396,276,120,2153,469,1684,1216,468,100842,100258
"482",2017-03-28 01:00:00,817,19609,1086,689,397,263,134,1688,440,1248,893,355,99418,98794
"483",2017-03-28 02:00:00,817,19610,861,596,265,175,90,1089,328,761,552,209,93020,92431
"484",2017-03-28 03:00:00,817,19611,790,549,241,165,76,747,198,549,377,172,85197,84685
"485",2017-03-28 04:00:00,817,19612,672,433,239,146,93,522,115,407,291,116,79382,78899
"486",2017-03-28 05:00:00,817,19613,502,363,139,90,49,289,87,202,147,55,79422,78971
"487",2017-03-28 06:00:00,817,19614,338,245,93,64,29,162,68,94,68,26,87629,87037
"488",2017-03-28 07:00:00,817,19615,271,211,60,33,27,72,26,46,35,11,91786,91146
"489",2017-03-28 08:00:00,817,19616,303,257,46,29,17,83,50,33,22,11,92430,91709
"490",2017-03-28 09:00:00,817,19617,300,253,47,34,13,60,33,27,18,9,92179,91493
"491",2017-03-28 10:00:00,817,19618,276,212,64,35,29,105,39,66,48,18,96999,96300
"492",2017-03-28 11:00:00,817,19619,369,293,76,41,35,195,76,119,80,39,123707,122981
"493",2017-03-28 12:00:00,817,19620,531,428,103,60,43,610,190,420,277,143,169176,168230
"494",2017-03-28 13:00:00,817,19621,691,569,122,82,40,1053,341,712,471,241,201405,200138
"495",2017-03-28 14:00:00,817,19622,866,728,138,96,42,1236,439,797,535,262,208692,207274
"496",2017-03-28 15:00:00,817,19623,930,748,182,120,62,1592,517,1075,734,341,205099,203664
"497",2017-03-28 16:00:00,817,19624,951,770,181,118,63,1776,560,1216,820,396,187780,186488
"498",2017-03-28 17:00:00,817,19625,1022,811,211,130,81,1658,576,1082,751,331,187545,186339
"499",2017-03-28 18:00:00,817,19626,1063,823,240,144,96,1885,658,1227,865,362,183953,182748
"500",2017-03-28 19:00:00,817,19627,1105,826,279,174,105,2104,706,1398,978,420,173549,172389
"501",2017-03-28 20:00:00,817,19628,1101,780,321,206,115,2371,677,1694,1198,496,159487,158397
"502",2017-03-28 21:00:00,817,19629,998,662,336,222,114,2444,631,1813,1274,539,132821,131935
"503",2017-03-28 22:00:00,817,19630,1068,710,358,235,123,2157,594,1563,1131,432,110040,109336
"504",2017-03-28 23:00:00,817,19631,955,639,316,209,107,1953,450,1503,1080,423,99282,98704
"505",2017-03-29 00:00:00,818,19632,1055,639,416,280,136,1779,408,1371,986,385,95490,94953
"506",2017-03-29 01:00:00,818,19633,971,623,348,247,101,1438,346,1092,785,307,94871,94254
"507",2017-03-29 02:00:00,818,19634,878,579,299,201,98,1096,272,824,592,232,89809,89235
"508",2017-03-29 03:00:00,818,19635,683,432,251,159,92,783,191,592,424,168,84504,84006
"509",2017-03-29 04:00:00,818,19636,549,388,161,117,44,449,112,337,244,93,78788,78321
"510",2017-03-29 05:00:00,818,19637,435,295,140,90,50,269,62,207,154,53,77342,76828
"511",2017-03-29 06:00:00,818,19638,346,264,82,44,38,146,57,89,69,20,85734,85136
"512",2017-03-29 07:00:00,818,19639,295,220,75,47,28,114,41,73,50,23,91685,91008
"513",2017-03-29 08:00:00,818,19640,313,252,61,34,27,78,34,44,31,13,91488,90746
"514",2017-03-29 09:00:00,818,19641,276,213,63,29,34,60,32,28,19,9,90412,89750
"515",2017-03-29 10:00:00,818,19642,349,290,59,34,25,107,49,58,41,17,93647,93033
"516",2017-03-29 11:00:00,818,19643,373,321,52,22,30,219,82,137,90,47,112677,111948
"517",2017-03-29 12:00:00,818,19644,457,368,89,60,29,593,202,391,258,133,149218,148292
"518",2017-03-29 13:00:00,818,19645,669,537,132,80,52,967,358,609,407,202,180669,179490
"519",2017-03-29 14:00:00,818,19646,772,641,131,78,53,1199,446,753,495,258,191450,190086
"520",2017-03-29 15:00:00,818,19647,846,689,157,104,53,1466,525,941,650,291,188015,186708
"521",2017-03-29 16:00:00,818,19648,836,688,148,92,56,1590,625,965,664,301,173773,172575
"522",2017-03-29 17:00:00,818,19649,905,708,197,132,65,1636,564,1072,740,332,172998,171824
"523",2017-03-29 18:00:00,818,19650,970,760,210,138,72,1746,602,1144,800,344,171226,170049
"524",2017-03-29 19:00:00,818,19651,951,740,211,142,69,1992,699,1293,908,385,162712,161547
"525",2017-03-29 20:00:00,818,19652,1053,764,289,187,102,2195,685,1510,1060,450,149716,148714
"526",2017-03-29 21:00:00,818,19653,1002,695,307,210,97,2089,637,1452,1043,409,128194,127331
"527",2017-03-29 22:00:00,818,19654,1001,645,356,241,115,2102,560,1542,1125,417,107517,106850
"528",2017-03-29 23:00:00,818,19655,998,630,368,227,141,1934,490,1444,1053,391,95929,95340
"529",2017-03-30 00:00:00,819,19656,982,631,351,254,97,1727,439,1288,923,365,93992,93409
"530",2017-03-30 01:00:00,819,19657,1020,649,371,261,110,1424,332,1092,805,287,94639,94092
"531",2017-03-30 02:00:00,819,19658,819,521,298,200,98,1111,289,822,603,219,90505,89967
"532",2017-03-30 03:00:00,819,19659,633,432,201,139,62,833,194,639,475,164,86200,85680
"533",2017-03-30 04:00:00,819,19660,571,377,194,144,50,488,118,370,272,98,81553,81019
"534",2017-03-30 05:00:00,819,19661,468,333,135,80,55,293,76,217,157,60,81078,80525
"535",2017-03-30 06:00:00,819,19662,325,224,101,58,43,138,52,86,61,25,90575,89956
"536",2017-03-30 07:00:00,819,19663,309,238,71,55,16,122,47,75,49,26,94531,93897
"537",2017-03-30 08:00:00,819,19664,288,238,50,30,20,91,31,60,43,17,94504,93830
"538",2017-03-30 09:00:00,819,19665,290,225,65,37,28,73,31,42,29,13,92736,92056
"539",2017-03-30 10:00:00,819,19666,284,226,58,36,22,105,33,72,47,25,97952,97329
"540",2017-03-30 11:00:00,819,19667,303,248,55,41,14,195,59,136,94,42,129242,128496
"541",2017-03-30 12:00:00,819,19668,349,289,60,38,22,524,164,360,246,114,184692,183672
"542",2017-03-30 13:00:00,819,19669,592,486,106,69,37,928,295,633,422,211,218323,216932
"543",2017-03-30 14:00:00,819,19670,686,567,119,68,51,1074,388,686,479,207,223467,222109
"544",2017-03-30 15:00:00,819,19671,845,697,148,98,50,1284,491,793,556,237,218365,216957
"545",2017-03-30 16:00:00,819,19672,854,693,161,106,55,1387,519,868,610,258,198588,197309
"546",2017-03-30 17:00:00,819,19673,877,697,180,124,56,1657,594,1063,763,300,194054,192813
"547",2017-03-30 18:00:00,819,19674,940,733,207,128,79,1768,655,1113,777,336,191462,190203
"548",2017-03-30 19:00:00,819,19675,953,704,249,149,100,1889,674,1215,877,338,179514,178283
"549",2017-03-30 20:00:00,819,19676,985,682,303,207,96,2050,671,1379,982,397,161891,160793
"550",2017-03-30 21:00:00,819,19677,967,653,314,213,101,2246,622,1624,1191,433,134721,133849
"551",2017-03-30 22:00:00,819,19678,951,607,344,220,124,2055,553,1502,1102,400,109425,108739
"552",2017-03-30 23:00:00,819,19679,904,550,354,234,120,1890,452,1438,1049,389,96582,95996
"553",2017-03-31 00:00:00,820,19680,961,599,362,241,121,1590,381,1209,917,292,92290,91749
"554",2017-03-31 01:00:00,820,19681,960,565,395,262,133,1418,297,1121,818,303,91624,91044
"555",2017-03-31 02:00:00,820,19682,776,483,293,194,99,1017,240,777,581,196,86494,85953
"556",2017-03-31 03:00:00,820,19683,656,412,244,173,71,656,179,477,355,122,80640,80138
"557",2017-03-31 04:00:00,820,19684,628,413,215,145,70,548,146,402,288,114,73926,73457
"558",2017-03-31 05:00:00,820,19685,462,286,176,125,51,304,85,219,158,61,72728,72259
"559",2017-03-31 06:00:00,820,19686,380,251,129,95,34,153,46,107,79,28,80174,79603
"560",2017-03-31 07:00:00,820,19687,246,182,64,43,21,128,53,75,55,20,85193,84580
"561",2017-03-31 08:00:00,820,19688,278,203,75,56,19,69,28,41,27,14,82827,82215
"562",2017-03-31 09:00:00,820,19689,257,197,60,38,22,74,34,40,29,11,84437,83837
"563",2017-03-31 10:00:00,820,19690,258,218,40,22,18,110,44,66,39,27,90069,89496
"564",2017-03-31 11:00:00,820,19691,298,244,54,38,16,243,75,168,114,54,117907,117271
"565",2017-03-31 12:00:00,820,19692,444,354,90,57,33,531,195,336,234,102,165541,164649
"566",2017-03-31 13:00:00,820,19693,554,434,120,77,43,939,287,652,432,220,194276,193077
"567",2017-03-31 14:00:00,820,19694,686,527,159,100,59,1124,386,738,517,221,198050,196811
"568",2017-03-31 15:00:00,820,19695,725,555,170,119,51,1413,423,990,676,314,192069,190801
"569",2017-03-31 16:00:00,820,19696,833,634,199,121,78,1602,551,1051,738,313,173821,172653
"570",2017-03-31 17:00:00,820,19697,854,628,226,140,86,1752,630,1122,783,339,169156,168072
"571",2017-03-31 18:00:00,820,19698,946,689,257,179,78,1864,697,1167,852,315,166278,165133
"572",2017-03-31 19:00:00,820,19699,942,680,262,172,90,2144,684,1460,1050,410,154217,153147
"573",2017-03-31 20:00:00,820,19700,990,688,302,213,89,2262,605,1657,1187,470,138412,137507
"574",2017-03-31 21:00:00,820,19701,973,613,360,254,106,2184,563,1621,1180,441,114998,114272
"575",2017-03-31 22:00:00,820,19702,986,629,357,239,118,2227,562,1665,1198,467,94245,93640
"576",2017-03-31 23:00:00,820,19703,952,561,391,260,131,2051,474,1577,1145,432,82721,82232
"577",2017-04-01 00:00:00,821,19704,972,543,429,309,120,1699,376,1323,992,331,76670,76201
"578",2017-04-01 01:00:00,821,19705,1029,568,461,319,142,1453,288,1165,846,319,74498,74051
"579",2017-04-01 02:00:00,821,19706,945,514,431,287,144,1190,216,974,713,261,71607,71194
"580",2017-04-01 03:00:00,821,19707,784,429,355,254,101,959,170,789,574,215,68514,68111
"581",2017-04-01 04:00:00,821,19708,644,372,272,187,85,603,123,480,349,131,63253,62883
"582",2017-04-01 05:00:00,821,19709,535,343,192,133,59,419,104,315,234,81,61454,61078
"583",2017-04-01 06:00:00,821,19710,415,277,138,94,44,168,51,117,89,28,60576,60195
"584",2017-04-01 07:00:00,821,19711,332,226,106,78,28,180,66,114,86,28,60092,59723
"585",2017-04-01 08:00:00,821,19712,310,219,91,57,34,76,29,47,36,11,58033,57677
"586",2017-04-01 09:00:00,821,19713,260,198,62,37,25,66,25,41,27,14,61477,61114
"587",2017-04-01 10:00:00,821,19714,275,201,74,43,31,77,40,37,27,10,64092,63722
"588",2017-04-01 11:00:00,821,19715,315,225,90,59,31,214,54,160,120,40,69765,69371
"589",2017-04-01 12:00:00,821,19716,397,293,104,67,37,505,131,374,263,111,79782,79395
"590",2017-04-01 13:00:00,821,19717,577,384,193,133,60,1059,214,845,580,265,89309,88809
"591",2017-04-01 14:00:00,821,19718,792,536,256,173,83,1356,288,1068,744,324,97738,97199
"592",2017-04-01 15:00:00,821,19719,890,568,322,209,113,1530,350,1180,849,331,100167,99564
"593",2017-04-01 16:00:00,821,19720,932,633,299,209,90,1729,400,1329,962,367,99047,98474
"594",2017-04-01 17:00:00,821,19721,1012,659,353,262,91,1748,405,1343,967,376,97416,96816
"595",2017-04-01 18:00:00,821,19722,1000,619,381,296,85,1926,461,1465,1057,408,94282,93690
"596",2017-04-01 19:00:00,821,19723,871,524,347,262,85,1856,484,1372,997,375,90700,90135
"597",2017-04-01 20:00:00,821,19724,882,563,319,238,81,1999,420,1579,1133,446,84691,84183
"598",2017-04-01 21:00:00,821,19725,986,586,400,299,101,1961,403,1558,1114,444,79009,78517
"599",2017-04-01 22:00:00,821,19726,1017,602,415,310,105,1802,354,1448,1052,396,71454,70997
"600",2017-04-01 23:00:00,821,19727,672,382,290,232,58,1879,362,1517,1125,392,67780,67358
"601",2017-04-02 00:00:00,822,19728,973,549,424,330,94,1608,252,1356,979,377,66573,66181
"602",2017-04-02 01:00:00,822,19729,975,504,471,369,102,1576,256,1320,960,360,66333,65941
"603",2017-04-02 02:00:00,822,19730,860,491,369,275,94,1238,195,1043,774,269,65996,65597
"604",2017-04-02 03:00:00,822,19731,744,409,335,257,78,868,127,741,546,195,65864,65504
"605",2017-04-02 04:00:00,822,19732,641,344,297,225,72,569,96,473,347,126,64806,64434
"606",2017-04-02 05:00:00,822,19733,564,310,254,174,80,404,69,335,238,97,61716,61333
"607",2017-04-02 06:00:00,822,19734,416,223,193,135,58,239,59,180,134,46,60545,60203
"608",2017-04-02 07:00:00,822,19735,349,237,112,75,37,145,41,104,75,29,60010,59647
"609",2017-04-02 08:00:00,822,19736,280,186,94,67,27,109,27,82,55,27,59068,58734
"610",2017-04-02 09:00:00,822,19737,243,179,64,50,14,77,29,48,33,15,57612,57291
"611",2017-04-02 10:00:00,822,19738,273,202,71,52,19,89,30,59,41,18,59373,59007
"612",2017-04-02 11:00:00,822,19739,329,231,98,71,27,156,38,118,80,38,65651,65296
"613",2017-04-02 12:00:00,822,19740,368,259,109,83,26,354,80,274,192,82,72206,71838
"614",2017-04-02 13:00:00,822,19741,568,347,221,163,58,845,157,688,479,209,81512,81038
"615",2017-04-02 14:00:00,822,19742,759,464,295,204,91,1378,213,1165,822,343,89118,88638
"616",2017-04-02 15:00:00,822,19743,918,572,346,257,89,1364,262,1102,784,318,92446,91924
"617",2017-04-02 16:00:00,822,19744,897,587,310,238,72,1581,308,1273,926,347,94090,93567
"618",2017-04-02 17:00:00,822,19745,967,589,378,288,90,1699,317,1382,979,403,94477,93924
"619",2017-04-02 18:00:00,822,19746,1046,639,407,299,108,1702,357,1345,978,367,92525,91956
"620",2017-04-02 19:00:00,822,19747,989,604,385,300,85,1726,397,1329,971,358,90527,89967
"621",2017-04-02 20:00:00,822,19748,982,617,365,259,106,1748,345,1403,1014,389,86642,86130
"622",2017-04-02 21:00:00,822,19749,993,611,382,261,121,1754,316,1438,1031,407,80945,80447
"623",2017-04-02 22:00:00,822,19750,957,586,371,256,115,1698,296,1402,1012,390,77996,77541
"624",2017-04-02 23:00:00,822,19751,1015,605,410,293,117,1701,287,1414,997,417,78361,77896
"625",2017-04-03 00:00:00,823,19752,1065,639,426,305,121,1440,243,1197,866,331,85221,84714
"626",2017-04-03 01:00:00,823,19753,940,571,369,278,91,1227,212,1015,737,278,90827,90241
"627",2017-04-03 02:00:00,823,19754,774,487,287,199,88,788,152,636,445,191,86359,85811
"628",2017-04-03 03:00:00,823,19755,644,421,223,155,68,509,118,391,296,95,84775,84230
"629",2017-04-03 04:00:00,823,19756,560,348,212,150,62,311,71,240,179,61,83791,83308
"630",2017-04-03 05:00:00,823,19757,412,281,131,93,38,177,42,135,96,39,84128,83612
"631",2017-04-03 06:00:00,823,19758,315,233,82,61,21,138,47,91,67,24,94936,94292
"632",2017-04-03 07:00:00,823,19759,267,222,45,28,17,75,25,50,38,12,99482,98813
"633",2017-04-03 08:00:00,823,19760,264,213,51,37,14,55,25,30,24,6,98796,98082
"634",2017-04-03 09:00:00,823,19761,295,246,49,39,10,60,27,33,25,8,102026,101255
"635",2017-04-03 10:00:00,823,19762,280,233,47,24,23,104,33,71,50,21,115070,114304
"636",2017-04-03 11:00:00,823,19763,304,253,51,25,26,253,65,188,123,65,167775,166905
"637",2017-04-03 12:00:00,823,19764,432,363,69,46,23,692,169,523,345,178,247349,246115
"638",2017-04-03 13:00:00,823,19765,690,566,124,83,41,1136,287,849,563,286,275144,273593
"639",2017-04-03 14:00:00,823,19766,771,606,165,110,55,1222,408,814,553,261,262747,261146
"640",2017-04-03 15:00:00,823,19767,844,688,156,110,46,1487,505,982,668,314,247924,246379
"641",2017-04-03 16:00:00,823,19768,956,760,196,144,52,1589,532,1057,711,346,215831,214389
"642",2017-04-03 17:00:00,823,19769,919,695,224,140,84,1725,522,1203,824,379,204367,203071
"643",2017-04-03 18:00:00,823,19770,888,698,190,129,61,1845,622,1223,856,367,196547,195231
"644",2017-04-03 19:00:00,823,19771,964,694,270,195,75,2010,639,1371,953,418,185406,184207
"645",2017-04-03 20:00:00,823,19772,1108,822,286,203,83,2193,603,1590,1097,493,168346,167221
"646",2017-04-03 21:00:00,823,19773,983,689,294,183,111,2452,562,1890,1310,580,137102,136308
"647",2017-04-03 22:00:00,823,19774,1089,653,436,312,124,2218,551,1667,1182,485,114720,114004
"648",2017-04-03 23:00:00,823,19775,1101,685,416,293,123,1981,444,1537,1108,429,102420,101806
"649",2017-04-04 00:00:00,824,19776,932,574,358,236,122,1759,340,1419,1006,413,96024,95475
"650",2017-04-04 01:00:00,824,19777,928,563,365,241,124,1455,268,1187,857,330,93423,92854
"651",2017-04-04 02:00:00,824,19778,829,499,330,209,121,921,222,699,508,191,88685,88107
"652",2017-04-04 03:00:00,824,19779,699,460,239,174,65,667,148,519,368,151,81869,81354
"653",2017-04-04 04:00:00,824,19780,550,355,195,117,78,448,112,336,245,91,79488,78979
"654",2017-04-04 05:00:00,824,19781,433,289,144,93,51,263,63,200,142,58,80054,79483
"655",2017-04-04 06:00:00,824,19782,364,254,110,66,44,174,59,115,76,39,88533,87883
"656",2017-04-04 07:00:00,824,19783,297,217,80,50,30,91,32,59,42,17,93510,92805
"657",2017-04-04 08:00:00,824,19784,300,237,63,41,22,51,24,27,18,9,94026,93274
"658",2017-04-04 09:00:00,824,19785,316,266,50,37,13,80,39,41,27,14,94803,94105
"659",2017-04-04 10:00:00,824,19786,302,240,62,40,22,121,51,70,51,19,98721,98004
"660",2017-04-04 11:00:00,824,19787,352,285,67,40,27,209,70,139,92,47,125982,125228
"661",2017-04-04 12:00:00,824,19788,455,355,100,61,39,573,155,418,289,129,171960,170942
"662",2017-04-04 13:00:00,824,19789,656,542,114,76,38,1066,310,756,519,237,203429,202184
"663",2017-04-04 14:00:00,824,19790,735,583,152,98,54,1243,464,779,535,244,210428,209049
"664",2017-04-04 15:00:00,824,19791,853,664,189,116,73,1557,487,1070,726,344,205892,204518
"665",2017-04-04 16:00:00,824,19792,864,669,195,118,77,1615,566,1049,706,343,186698,185439
"666",2017-04-04 17:00:00,824,19793,862,669,193,127,66,1633,521,1112,758,354,182222,181030
"667",2017-04-04 18:00:00,824,19794,983,732,251,173,78,1727,567,1160,798,362,179536,178313
"668",2017-04-04 19:00:00,824,19795,1006,736,270,180,90,1901,539,1362,959,403,167264,166123
"669",2017-04-04 20:00:00,824,19796,1085,770,315,206,109,2079,582,1497,1077,420,153879,152866
"670",2017-04-04 21:00:00,824,19797,1112,708,404,308,96,2250,499,1751,1277,474,129844,129036
"671",2017-04-04 22:00:00,824,19798,1137,667,470,386,84,2431,457,1974,1457,517,107714,107026
"672",2017-04-04 23:00:00,824,19799,1051,640,411,295,116,1964,416,1548,1108,440,97782,97206
"673",2017-04-05 00:00:00,825,19800,1015,652,363,259,104,1669,337,1332,951,381,94027,93474
"674",2017-04-05 01:00:00,825,19801,993,613,380,249,131,1391,276,1115,808,307,95081,94545
"675",2017-04-05 02:00:00,825,19802,841,528,313,226,87,1009,207,802,580,222,89940,89354
"676",2017-04-05 03:00:00,825,19803,656,450,206,145,61,676,145,531,389,142,85183,84658
"677",2017-04-05 04:00:00,825,19804,577,383,194,132,62,462,105,357,249,108,81217,80695
"678",2017-04-05 05:00:00,825,19805,436,301,135,90,45,254,73,181,128,53,80876,80371
"679",2017-04-05 06:00:00,825,19806,350,247,103,56,47,171,53,118,85,33,90781,90136
"680",2017-04-05 07:00:00,825,19807,313,220,93,65,28,92,30,62,45,17,95132,94375
"681",2017-04-05 08:00:00,825,19808,306,247,59,46,13,72,26,46,32,14,95697,94959
"682",2017-04-05 09:00:00,825,19809,282,228,54,35,19,82,35,47,31,16,95860,95074
"683",2017-04-05 10:00:00,825,19810,315,234,81,45,36,97,56,41,26,15,97278,96538
"684",2017-04-05 11:00:00,825,19811,337,276,61,39,22,204,75,129,81,48,117364,116551
"685",2017-04-05 12:00:00,825,19812,446,364,82,53,29,591,187,404,270,134,151518,150478
"686",2017-04-05 13:00:00,825,19813,628,529,99,71,28,1022,306,716,465,251,181370,180092
"687",2017-04-05 14:00:00,825,19814,739,602,137,91,46,1291,425,866,599,267,192056,190676
"688",2017-04-05 15:00:00,825,19815,815,644,171,103,68,1400,459,941,636,305,190209,188758
"689",2017-04-05 16:00:00,825,19816,905,727,178,111,67,1510,510,1000,687,313,174360,173088
"690",2017-04-05 17:00:00,825,19817,929,705,224,145,79,1715,596,1119,760,359,173206,171929
"691",2017-04-05 18:00:00,825,19818,920,704,216,135,81,1798,575,1223,836,387,171280,169922
"692",2017-04-05 19:00:00,825,19819,972,734,238,160,78,1849,607,1242,878,364,166479,165184
"693",2017-04-05 20:00:00,825,19820,1051,752,299,208,91,2011,538,1473,1056,417,155174,154052
"694",2017-04-05 21:00:00,825,19821,981,662,319,211,108,2021,461,1560,1116,444,126485,125630
"695",2017-04-05 22:00:00,825,19822,1032,651,381,279,102,1991,436,1555,1104,451,106301,105588
"696",2017-04-05 23:00:00,825,19823,1050,644,406,274,132,1868,439,1429,1011,418,96209,95606
"697",2017-04-06 00:00:00,826,19824,1070,667,403,283,120,1690,370,1320,950,370,93090,92546
"698",2017-04-06 01:00:00,826,19825,1034,625,409,275,134,1279,257,1022,727,295,93845,93243
"699",2017-04-06 02:00:00,826,19826,860,562,298,202,96,1031,229,802,580,222,89639,89036
"700",2017-04-06 03:00:00,826,19827,786,522,264,182,82,684,159,525,378,147,85091,84605
"701",2017-04-06 04:00:00,826,19828,706,487,219,139,80,516,118,398,294,104,81950,81439
"702",2017-04-06 05:00:00,826,19829,494,356,138,86,52,261,73,188,135,53,83970,83456
"703",2017-04-06 06:00:00,826,19830,379,291,88,62,26,141,44,97,74,23,92256,91590
"704",2017-04-06 07:00:00,826,19831,336,257,79,52,27,100,38,62,43,19,97227,96541
"705",2017-04-06 08:00:00,826,19832,290,241,49,40,9,75,46,29,19,10,97539,96816
"706",2017-04-06 09:00:00,826,19833,313,264,49,35,14,51,40,11,9,2,98793,98031
"707",2017-04-06 10:00:00,826,19834,298,241,57,49,8,102,40,62,39,23,109820,109137
"708",2017-04-06 11:00:00,826,19835,344,274,70,44,26,181,67,114,79,35,140137,139350
"709",2017-04-06 12:00:00,826,19836,429,335,94,52,42,511,170,341,237,104,192998,192000
"710",2017-04-06 13:00:00,826,19837,582,487,95,62,33,952,297,655,439,216,227259,225969
"711",2017-04-06 14:00:00,826,19838,709,594,115,73,42,1173,412,761,517,244,233571,232148
"712",2017-04-06 15:00:00,826,19839,849,700,149,90,59,1413,471,942,664,278,227974,226548
"713",2017-04-06 16:00:00,826,19840,918,747,171,107,64,1498,487,1011,689,322,208092,206792
"714",2017-04-06 17:00:00,826,19841,865,667,198,126,72,1527,520,1007,683,324,203955,202661
"715",2017-04-06 18:00:00,826,19842,962,744,218,143,75,1660,563,1097,772,325,201401,200087
"716",2017-04-06 19:00:00,826,19843,969,724,245,165,80,1709,574,1135,815,320,187724,186529
"717",2017-04-06 20:00:00,826,19844,998,694,304,210,94,2062,606,1456,1040,416,174571,173513
"718",2017-04-06 21:00:00,826,19845,1054,715,339,240,99,2087,492,1595,1132,463,144473,143637
"719",2017-04-06 22:00:00,826,19846,1175,750,425,291,134,2236,468,1768,1306,462,118955,118282
"720",2017-04-06 23:00:00,826,19847,1217,791,426,319,107,2316,400,1916,1401,515,107974,107348
"721",2017-04-07 00:00:00,827,19848,1206,754,452,335,117,1983,349,1634,1197,437,102430,101868
"722",2017-04-07 01:00:00,827,19849,1250,753,497,361,136,1476,284,1192,887,305,102214,101605
"723",2017-04-07 02:00:00,827,19850,977,626,351,252,99,971,227,744,534,210,96021,95484
"724",2017-04-07 03:00:00,827,19851,805,507,298,200,98,772,152,620,446,174,89429,88890
"725",2017-04-07 04:00:00,827,19852,622,396,226,162,64,470,98,372,262,110,82238,81756
"726",2017-04-07 05:00:00,827,19853,398,277,121,72,49,255,66,189,136,53,81771,81303
"727",2017-04-07 06:00:00,827,19854,307,230,77,52,25,166,37,129,88,41,89410,88875
"728",2017-04-07 07:00:00,827,19855,117,81,36,25,11,104,33,71,52,19,92924,92354
"729",2017-04-07 08:00:00,827,19856,282,210,72,49,23,64,38,26,18,8,92530,91935
"730",2017-04-07 09:00:00,827,19857,259,196,63,42,21,61,31,30,19,11,93404,92800
"731",2017-04-07 10:00:00,827,19858,259,208,51,29,22,141,36,105,72,33,97974,97400
"732",2017-04-07 11:00:00,827,19859,293,242,51,35,16,257,72,185,128,57,126835,126182
"733",2017-04-07 12:00:00,827,19860,277,220,57,35,22,606,194,412,270,142,172421,171488
"734",2017-04-07 13:00:00,827,19861,603,474,129,82,47,963,282,681,468,213,200198,199010
"735",2017-04-07 14:00:00,827,19862,753,609,144,103,41,1147,392,755,507,248,204809,203518
"736",2017-04-07 15:00:00,827,19863,802,636,166,89,77,1415,494,921,628,293,199125,197856
"737",2017-04-07 16:00:00,827,19864,787,612,175,109,66,1428,451,977,681,296,181256,180118
"738",2017-04-07 17:00:00,827,19865,826,648,178,118,60,1584,557,1027,709,318,175875,174808
"739",2017-04-07 18:00:00,827,19866,873,669,204,143,61,1650,527,1123,791,332,171532,170456
"740",2017-04-07 19:00:00,827,19867,862,610,252,168,84,1730,515,1215,878,337,155167,154095
"741",2017-04-07 20:00:00,827,19868,949,648,301,208,93,2194,508,1686,1180,506,137949,137092
"742",2017-04-07 21:00:00,827,19869,895,594,301,200,101,2358,466,1892,1333,559,114148,113437
"743",2017-04-07 22:00:00,827,19870,952,605,347,223,124,1927,396,1531,1095,436,93697,93094
"744",2017-04-07 23:00:00,827,19871,932,565,367,245,122,1789,383,1406,975,431,81802,81287
"745",2017-04-08 00:00:00,828,19872,937,523,414,292,122,1691,373,1318,940,378,74796,74369
"746",2017-04-08 01:00:00,828,19873,976,557,419,301,118,1412,248,1164,849,315,72809,72410
"747",2017-04-08 02:00:00,828,19874,900,512,388,281,107,1095,186,909,666,243,71025,70616
"748",2017-04-08 03:00:00,828,19875,757,440,317,197,120,765,158,607,433,174,69105,68704
"749",2017-04-08 04:00:00,828,19876,606,360,246,178,68,589,132,457,335,122,65435,65038
"750",2017-04-08 05:00:00,828,19877,493,304,189,124,65,332,95,237,171,66,62509,62139
"751",2017-04-08 06:00:00,828,19878,386,251,135,88,47,216,57,159,120,39,60808,60406
"752",2017-04-08 07:00:00,828,19879,301,210,91,48,43,98,49,49,36,13,61615,61250
"753",2017-04-08 08:00:00,828,19880,282,205,77,55,22,74,31,43,29,14,59530,59170
"754",2017-04-08 09:00:00,828,19881,269,194,75,49,26,67,39,28,19,9,59690,59334
"755",2017-04-08 10:00:00,828,19882,287,212,75,43,32,87,29,58,40,18,62084,61715
"756",2017-04-08 11:00:00,828,19883,323,249,74,50,24,205,58,147,101,46,69418,69050
"757",2017-04-08 12:00:00,828,19884,412,314,98,59,39,407,111,296,198,98,79360,78952
"758",2017-04-08 13:00:00,828,19885,589,392,197,126,71,915,174,741,507,234,89032,88550
"759",2017-04-08 14:00:00,828,19886,753,512,241,159,82,1283,263,1020,723,297,96004,95471
"760",2017-04-08 15:00:00,828,19887,835,582,253,152,101,1444,283,1161,806,355,98346,97776
"761",2017-04-08 16:00:00,828,19888,904,614,290,175,115,1427,325,1102,769,333,96842,96231
"762",2017-04-08 17:00:00,828,19889,947,641,306,199,107,1497,413,1084,773,311,94496,93913
"763",2017-04-08 18:00:00,828,19890,883,567,316,199,117,1530,339,1191,839,352,91376,90770
"764",2017-04-08 19:00:00,828,19891,920,573,347,228,119,1657,375,1282,928,354,86876,86370
"765",2017-04-08 20:00:00,828,19892,896,583,313,211,102,1723,374,1349,973,376,81389,80872
"766",2017-04-08 21:00:00,828,19893,994,544,450,300,150,1580,371,1209,879,330,74898,74413
"767",2017-04-08 22:00:00,828,19894,1052,584,468,324,144,1698,374,1324,963,361,69872,69463
"768",2017-04-08 23:00:00,828,19895,1000,577,423,303,120,1649,317,1332,976,356,66462,66072
"769",2017-04-09 00:00:00,829,19896,969,547,422,275,147,1427,255,1172,866,306,64924,64527
"770",2017-04-09 01:00:00,829,19897,988,571,417,295,122,1427,194,1233,888,345,65324,64926
"771",2017-04-09 02:00:00,829,19898,919,538,381,262,119,1095,201,894,650,244,65137,64752
"772",2017-04-09 03:00:00,829,19899,828,497,331,239,92,730,134,596,443,153,66165,65838
"773",2017-04-09 04:00:00,829,19900,706,416,290,202,88,490,84,406,299,107,64529,64136
"774",2017-04-09 05:00:00,829,19901,533,310,223,135,88,322,103,219,159,60,62602,62219
"775",2017-04-09 06:00:00,829,19902,375,229,146,92,54,218,87,131,92,39,59694,59325
"776",2017-04-09 07:00:00,829,19903,294,198,96,48,48,82,43,39,31,8,60295,59928
"777",2017-04-09 08:00:00,829,19904,260,177,83,45,38,78,39,39,29,10,58631,58258
"778",2017-04-09 09:00:00,829,19905,235,176,59,35,24,67,41,26,19,7,58421,58071
"779",2017-04-09 10:00:00,829,19906,220,172,48,30,18,89,38,51,35,16,59512,59161
"780",2017-04-09 11:00:00,829,19907,290,240,50,40,10,136,53,83,57,26,65216,64853
"781",2017-04-09 12:00:00,829,19908,384,289,95,67,28,285,70,215,156,59,71461,71036
"782",2017-04-09 13:00:00,829,19909,523,356,167,113,54,711,117,594,406,188,78739,78281
"783",2017-04-09 14:00:00,829,19910,656,452,204,128,76,1124,211,913,636,277,86082,85567
"784",2017-04-09 15:00:00,829,19911,746,498,248,157,91,1213,242,971,682,289,87973,87515
"785",2017-04-09 16:00:00,829,19912,855,537,318,208,110,1365,248,1117,786,331,89843,89317
"786",2017-04-09 17:00:00,829,19913,823,546,277,168,109,1398,247,1151,816,335,89504,88933
"787",2017-04-09 18:00:00,829,19914,838,520,318,218,100,1527,337,1190,848,342,87227,86684
"788",2017-04-09 19:00:00,829,19915,861,555,306,195,111,1460,339,1121,812,309,85665,85140
"789",2017-04-09 20:00:00,829,19916,866,582,284,181,103,1434,330,1104,812,292,82191,81680
"790",2017-04-09 21:00:00,829,19917,815,534,281,193,88,1434,305,1129,813,316,77343,76893
"791",2017-04-09 22:00:00,829,19918,803,532,271,184,87,1323,267,1056,782,274,73445,72994
"792",2017-04-09 23:00:00,829,19919,816,511,305,192,113,1328,249,1079,791,288,75024,74617
"793",2017-04-10 00:00:00,830,19920,911,554,357,252,105,1320,239,1081,778,303,85681,85170
"794",2017-04-10 01:00:00,830,19921,912,552,360,250,110,1052,196,856,638,218,93032,92432
"795",2017-04-10 02:00:00,830,19922,839,512,327,243,84,745,162,583,417,166,88077,87526
"796",2017-04-10 03:00:00,830,19923,663,453,210,152,58,493,115,378,266,112,83882,83356
"797",2017-04-10 04:00:00,830,19924,523,370,153,104,49,335,72,263,181,82,82771,82267
"798",2017-04-10 05:00:00,830,19925,445,311,134,82,52,218,81,137,97,40,84877,84347
"799",2017-04-10 06:00:00,830,19926,349,256,93,61,32,108,48,60,46,14,94088,93488
"800",2017-04-10 07:00:00,830,19927,295,222,73,40,33,84,45,39,27,12,97655,96981
"801",2017-04-10 08:00:00,830,19928,331,268,63,34,29,43,19,24,17,7,97053,96293
"802",2017-04-10 09:00:00,830,19929,289,250,39,30,9,44,27,17,11,6,98756,98060
"803",2017-04-10 10:00:00,830,19930,305,253,52,35,17,103,54,49,32,17,109518,108848
"804",2017-04-10 11:00:00,830,19931,358,302,56,32,24,211,60,151,101,50,161544,160786
"805",2017-04-10 12:00:00,830,19932,446,374,72,47,25,534,158,376,247,129,238575,237388
"806",2017-04-10 13:00:00,830,19933,637,522,115,71,44,984,283,701,474,227,262773,261236
"807",2017-04-10 14:00:00,830,19934,722,605,117,81,36,1171,417,754,516,238,251181,249598
"808",2017-04-10 15:00:00,830,19935,858,683,175,106,69,1362,482,880,617,263,236818,235295
"809",2017-04-10 16:00:00,830,19936,863,670,193,119,74,1539,488,1051,715,336,206590,205241
"810",2017-04-10 17:00:00,830,19937,875,704,171,102,69,1681,568,1113,768,345,196723,195489
"811",2017-04-10 18:00:00,830,19938,907,691,216,142,74,1731,599,1132,795,337,192080,190814
"812",2017-04-10 19:00:00,830,19939,980,718,262,157,105,1749,575,1174,817,357,181276,180070
"813",2017-04-10 20:00:00,830,19940,927,680,247,156,91,1838,556,1282,910,372,163095,161976
"814",2017-04-10 21:00:00,830,19941,957,657,300,175,125,1959,512,1447,1015,432,133867,132972
"815",2017-04-10 22:00:00,830,19942,915,603,312,200,112,2069,467,1602,1140,462,110232,109566
"816",2017-04-10 23:00:00,830,19943,956,577,379,248,131,1798,402,1396,1003,393,98709,98069
"817",2017-04-11 00:00:00,831,19944,1006,648,358,248,110,1546,389,1157,843,314,96513,95912
"818",2017-04-11 01:00:00,831,19945,945,576,369,255,114,1263,271,992,709,283,97826,97199
"819",2017-04-11 02:00:00,831,19946,856,557,299,210,89,957,239,718,509,209,92633,92049
"820",2017-04-11 03:00:00,831,19947,659,443,216,143,73,661,173,488,351,137,88408,87861
"821",2017-04-11 04:00:00,831,19948,585,383,202,124,78,437,101,336,249,87,81863,81366
"822",2017-04-11 05:00:00,831,19949,445,292,153,83,70,226,72,154,103,51,81492,80975
"823",2017-04-11 06:00:00,831,19950,338,210,128,77,51,143,57,86,65,21,91379,90809
"824",2017-04-11 07:00:00,831,19951,302,236,66,47,19,94,50,44,32,12,96581,95949
"825",2017-04-11 08:00:00,831,19952,321,251,70,39,31,45,21,24,15,9,97022,96260
"826",2017-04-11 09:00:00,831,19953,301,257,44,27,17,74,32,42,29,13,97501,96767
"827",2017-04-11 10:00:00,831,19954,302,244,58,36,22,90,41,49,31,18,101404,100695
"828",2017-04-11 11:00:00,831,19955,334,276,58,34,24,230,69,161,106,55,127271,126507
"829",2017-04-11 12:00:00,831,19956,465,384,81,49,32,520,152,368,254,114,170656,169680
"830",2017-04-11 13:00:00,831,19957,609,481,128,78,50,938,279,659,450,209,202538,201220
"831",2017-04-11 14:00:00,831,19958,723,570,153,85,68,1139,407,732,495,237,210097,208673
"832",2017-04-11 15:00:00,831,19959,877,700,177,104,73,1291,416,875,612,263,205311,203967
"833",2017-04-11 16:00:00,831,19960,885,647,238,155,83,1540,482,1058,744,314,187626,186285
"834",2017-04-11 17:00:00,831,19961,939,693,246,178,68,1769,493,1276,894,382,183743,182448
"835",2017-04-11 18:00:00,831,19962,982,694,288,211,77,1845,556,1289,932,357,187991,186683
"836",2017-04-11 19:00:00,831,19963,973,687,286,206,80,2170,554,1616,1172,444,179575,178292
"837",2017-04-11 20:00:00,831,19964,962,642,320,239,81,2335,575,1760,1284,476,165835,164683
"838",2017-04-11 21:00:00,831,19965,1001,609,392,292,100,2329,536,1793,1307,486,143198,142258
"839",2017-04-11 22:00:00,831,19966,1024,627,397,311,86,2363,439,1924,1409,515,122315,121533
"840",2017-04-11 23:00:00,831,19967,981,598,383,326,57,2338,424,1914,1391,523,112754,112013
"841",2017-04-12 00:00:00,832,19968,1198,680,518,377,141,1999,357,1642,1197,445,110094,109335
"842",2017-04-12 01:00:00,832,19969,1120,616,504,384,120,1722,263,1459,1056,403,110800,110028
"843",2017-04-12 02:00:00,832,19970,983,561,422,337,85,1239,197,1042,761,281,107380,106616
"844",2017-04-12 03:00:00,832,19971,918,545,373,294,79,832,163,669,480,189,101332,100607
"845",2017-04-12 04:00:00,832,19972,708,440,268,191,77,608,112,496,357,139,96475,95851
"846",2017-04-12 05:00:00,832,19973,506,336,170,118,52,303,71,232,173,59,95407,94739
"847",2017-04-12 06:00:00,832,19974,477,324,153,106,47,224,50,174,126,48,101866,101179
"848",2017-04-12 07:00:00,832,19975,322,233,89,70,19,134,32,102,74,28,108231,107421
"849",2017-04-12 08:00:00,832,19976,290,234,56,41,15,73,33,40,30,10,109015,108158
"850",2017-04-12 09:00:00,832,19977,302,256,46,34,12,69,31,38,26,12,109002,108184
"851",2017-04-12 10:00:00,832,19978,339,286,53,36,17,133,46,87,56,31,113058,112299
"852",2017-04-12 11:00:00,832,19979,349,283,66,48,18,277,77,200,136,64,135845,134891
"853",2017-04-12 12:00:00,832,19980,475,392,83,62,21,606,186,420,282,138,176422,175298
"854",2017-04-12 13:00:00,832,19981,630,509,121,93,28,1155,325,830,582,248,207578,206194
"855",2017-04-12 14:00:00,832,19982,765,605,160,122,38,1284,435,849,587,262,217784,216257
"856",2017-04-12 15:00:00,832,19983,868,661,207,155,52,1585,464,1121,762,359,215733,214194
"857",2017-04-12 16:00:00,832,19984,909,684,225,161,64,1657,578,1079,747,332,198948,197600
"858",2017-04-12 17:00:00,832,19985,963,718,245,181,64,1745,565,1180,830,350,192414,191019
"859",2017-04-12 18:00:00,832,19986,1049,763,286,184,102,1828,618,1210,866,344,188931,187587
"860",2017-04-12 19:00:00,832,19987,1034,721,313,243,70,2094,643,1451,1047,404,181264,179976
"861",2017-04-12 20:00:00,832,19988,1066,709,357,247,110,2375,629,1746,1260,486,163771,162620
"862",2017-04-12 21:00:00,832,19989,1083,674,409,289,120,2453,624,1829,1296,533,148544,147592
"863",2017-04-12 22:00:00,832,19990,1184,710,474,324,150,2226,526,1700,1221,479,130698,129833
"864",2017-04-12 23:00:00,832,19991,1120,653,467,347,120,2292,549,1743,1288,455,119245,118462
"865",2017-04-13 00:00:00,833,19992,1319,744,575,376,199,1857,452,1405,1035,370,117892,117159
"866",2017-04-13 01:00:00,833,19993,1264,686,578,399,179,1669,388,1281,925,356,119015,118244
"867",2017-04-13 02:00:00,833,19994,1065,623,442,298,144,1318,309,1009,730,279,111486,110752
"868",2017-04-13 03:00:00,833,19995,889,499,390,286,104,843,240,603,424,179,103303,102620
"869",2017-04-13 04:00:00,833,19996,728,437,291,205,86,582,149,433,313,120,96696,96085
"870",2017-04-13 05:00:00,833,19997,548,314,234,154,80,331,99,232,171,61,96282,95659
"871",2017-04-13 06:00:00,833,19998,419,274,145,96,49,195,73,122,90,32,101718,101027
"872",2017-04-13 07:00:00,833,19999,335,224,111,75,36,98,53,45,37,8,106503,105691
"873",2017-04-13 08:00:00,833,20000,333,252,81,51,30,74,37,37,29,8,104056,103297
"874",2017-04-13 09:00:00,833,20001,334,268,66,42,24,68,40,28,21,7,106075,105320
"875",2017-04-13 10:00:00,833,20002,315,250,65,40,25,102,57,45,32,13,111457,110710
"876",2017-04-13 11:00:00,833,20003,350,284,66,42,24,272,130,142,105,37,145465,144661
"877",2017-04-13 12:00:00,833,20004,451,354,97,68,29,722,243,479,321,158,202356,201265
"878",2017-04-13 13:00:00,833,20005,653,523,130,98,32,1169,414,755,509,246,236308,234827
"879",2017-04-13 14:00:00,833,20006,748,600,148,103,45,1317,495,822,570,252,238482,236989
"880",2017-04-13 15:00:00,833,20007,906,705,201,141,60,1568,636,932,657,275,231583,230024
"881",2017-04-13 16:00:00,833,20008,955,705,250,155,95,1594,598,996,681,315,208744,207372
"882",2017-04-13 17:00:00,833,20009,918,670,248,176,72,1772,665,1107,766,341,201406,200067
"883",2017-04-13 18:00:00,833,20010,989,712,277,195,82,1782,643,1139,810,329,196161,194863
"884",2017-04-13 19:00:00,833,20011,987,698,289,204,85,2108,622,1486,1023,463,183839,182578
"885",2017-04-13 20:00:00,833,20012,1163,776,387,250,137,2277,652,1625,1161,464,169669,168540
"886",2017-04-13 21:00:00,833,20013,1135,714,421,273,148,2263,538,1725,1248,477,143145,142289
"887",2017-04-13 22:00:00,833,20014,1148,656,492,342,150,2391,443,1948,1418,530,120058,119314
"888",2017-04-13 23:00:00,833,20015,1105,627,478,325,153,2222,433,1789,1322,467,106218,105586
"889",2017-04-14 00:00:00,834,20016,1193,663,530,347,183,1812,359,1453,1082,371,99968,99331
"890",2017-04-14 01:00:00,834,20017,1238,702,536,377,159,1617,311,1306,969,337,99393,98798
"891",2017-04-14 02:00:00,834,20018,957,537,420,301,119,1249,248,1001,712,289,93883,93274
"892",2017-04-14 03:00:00,834,20019,947,565,382,278,104,923,177,746,545,201,86562,86026
"893",2017-04-14 04:00:00,834,20020,728,405,323,239,84,558,127,431,307,124,78236,77772
"894",2017-04-14 05:00:00,834,20021,609,370,239,156,83,357,79,278,192,86,74446,74011
"895",2017-04-14 06:00:00,834,20022,441,272,169,92,77,157,41,116,83,33,76151,75706
"896",2017-04-14 07:00:00,834,20023,344,204,140,85,55,98,39,59,44,15,77533,77069
"897",2017-04-14 08:00:00,834,20024,309,205,104,53,51,81,33,48,36,12,75924,75379
"898",2017-04-14 09:00:00,834,20025,322,230,92,53,39,82,51,31,23,8,78145,77661
"899",2017-04-14 10:00:00,834,20026,327,257,70,44,26,99,22,77,50,27,82961,82472
"900",2017-04-14 11:00:00,834,20027,399,333,66,42,24,256,92,164,115,49,106855,106310
"901",2017-04-14 12:00:00,834,20028,435,359,76,48,28,637,219,418,283,135,143164,142401
"902",2017-04-14 13:00:00,834,20029,607,491,116,83,33,1130,319,811,558,253,165254,164260
"903",2017-04-14 14:00:00,834,20030,731,584,147,107,40,1474,471,1003,690,313,172501,171401
"904",2017-04-14 15:00:00,834,20031,824,615,209,154,55,1734,450,1284,907,377,172358,171268
"905",2017-04-14 16:00:00,834,20032,923,686,237,171,66,1907,555,1352,970,382,159033,157905
"906",2017-04-14 17:00:00,834,20033,864,613,251,179,72,1849,510,1339,937,402,151724,150764
"907",2017-04-14 18:00:00,834,20034,948,682,266,194,72,1941,547,1394,992,402,148213,147207
"908",2017-04-14 19:00:00,834,20035,963,659,304,224,80,1951,481,1470,1049,421,136901,136053
"909",2017-04-14 20:00:00,834,20036,948,620,328,233,95,2213,548,1665,1190,475,125177,124320
"910",2017-04-14 21:00:00,834,20037,1114,729,385,248,137,2060,399,1661,1191,470,111217,110496
"911",2017-04-14 22:00:00,834,20038,1043,603,440,298,142,2073,423,1650,1190,460,96416,95843
"912",2017-04-14 23:00:00,834,20039,1050,593,457,293,164,1831,365,1466,1080,386,86586,86076
"913",2017-04-15 00:00:00,835,20040,1076,582,494,301,193,1763,300,1463,1059,404,81266,80771
"914",2017-04-15 01:00:00,835,20041,1046,544,502,307,195,1458,238,1220,897,323,78921,78445
"915",2017-04-15 02:00:00,835,20042,955,501,454,313,141,1334,224,1110,796,314,77300,76842
"916",2017-04-15 03:00:00,835,20043,903,523,380,278,102,957,142,815,592,223,74663,74275
"917",2017-04-15 04:00:00,835,20044,764,446,318,220,98,637,112,525,384,141,70314,69928
"918",2017-04-15 05:00:00,835,20045,589,346,243,178,65,400,87,313,226,87,65979,65629
"919",2017-04-15 06:00:00,835,20046,413,240,173,112,61,210,61,149,107,42,64522,64151
"920",2017-04-15 07:00:00,835,20047,355,213,142,86,56,131,45,86,60,26,63761,63395
"921",2017-04-15 08:00:00,835,20048,352,239,113,67,46,72,29,43,32,11,62335,62015
"922",2017-04-15 09:00:00,835,20049,297,216,81,46,35,73,23,50,40,10,62479,62099
"923",2017-04-15 10:00:00,835,20050,281,204,77,55,22,60,20,40,29,11,65127,64746
"924",2017-04-15 11:00:00,835,20051,322,238,84,56,28,177,52,125,86,39,75117,74709
"925",2017-04-15 12:00:00,835,20052,378,295,83,57,26,465,128,337,239,98,86005,85544
"926",2017-04-15 13:00:00,835,20053,587,427,160,107,53,866,208,658,464,194,95315,94796
"927",2017-04-15 14:00:00,835,20054,763,507,256,177,79,1266,266,1000,700,300,101929,101316
"928",2017-04-15 15:00:00,835,20055,803,523,280,190,90,1383,295,1088,759,329,104662,104077
"929",2017-04-15 16:00:00,835,20056,905,598,307,207,100,1503,306,1197,873,324,104005,103377
"930",2017-04-15 17:00:00,835,20057,895,599,296,210,86,1555,331,1224,868,356,100838,100199
"931",2017-04-15 18:00:00,835,20058,897,573,324,215,109,1596,384,1212,887,325,95610,95038
"932",2017-04-15 19:00:00,835,20059,937,631,306,212,94,1721,360,1361,975,386,90396,89843
"933",2017-04-15 20:00:00,835,20060,963,584,379,275,104,1737,416,1321,965,356,84823,84312
"934",2017-04-15 21:00:00,835,20061,1071,620,451,324,127,1655,391,1264,942,322,79507,79047
"935",2017-04-15 22:00:00,835,20062,993,596,397,267,130,1589,296,1293,937,356,74855,74419
"936",2017-04-15 23:00:00,835,20063,848,479,369,291,78,1486,278,1208,886,322,71323,70890
"937",2017-04-16 00:00:00,836,20064,883,512,371,272,99,1422,220,1202,893,309,69352,68947
"938",2017-04-16 01:00:00,836,20065,874,483,391,277,114,1350,194,1156,857,299,69557,69158
"939",2017-04-16 02:00:00,836,20066,810,430,380,289,91,1115,171,944,690,254,68798,68383
"940",2017-04-16 03:00:00,836,20067,725,423,302,231,71,761,100,661,479,182,67837,67427
"941",2017-04-16 04:00:00,836,20068,642,371,271,197,74,541,86,455,323,132,66824,66393
"942",2017-04-16 05:00:00,836,20069,536,329,207,158,49,340,95,245,174,71,64105,63708
"943",2017-04-16 06:00:00,836,20070,421,251,170,125,45,197,61,136,97,39,62294,61915
"944",2017-04-16 07:00:00,836,20071,302,189,113,78,35,92,24,68,51,17,61874,61518
"945",2017-04-16 08:00:00,836,20072,266,186,80,55,25,64,24,40,29,11,61748,61410
"946",2017-04-16 09:00:00,836,20073,254,194,60,43,17,61,21,40,30,10,61208,60864
"947",2017-04-16 10:00:00,836,20074,256,178,78,53,25,70,30,40,29,11,62916,62521
"948",2017-04-16 11:00:00,836,20075,252,188,64,48,16,139,41,98,73,25,68466,68025
"949",2017-04-16 12:00:00,836,20076,360,270,90,65,25,322,81,241,178,63,75924,75494
"950",2017-04-16 13:00:00,836,20077,472,325,147,117,30,671,117,554,402,152,83832,83337
"951",2017-04-16 14:00:00,836,20078,535,347,188,128,60,973,159,814,589,225,88808,88319
"952",2017-04-16 15:00:00,836,20079,679,451,228,165,63,1043,177,866,625,241,90074,89538
"953",2017-04-16 16:00:00,836,20080,670,451,219,147,72,1149,201,948,683,265,89618,89093
"954",2017-04-16 17:00:00,836,20081,819,512,307,200,107,1152,188,964,695,269,89085,88549
"955",2017-04-16 18:00:00,836,20082,857,526,331,194,137,1258,228,1030,753,277,84221,83710
"956",2017-04-16 19:00:00,836,20083,861,559,302,186,116,1215,227,988,715,273,82270,81759
"957",2017-04-16 20:00:00,836,20084,899,530,369,228,141,1358,212,1146,845,301,77730,77248
"958",2017-04-16 21:00:00,836,20085,839,489,350,222,128,1290,220,1070,781,289,75037,74558
"959",2017-04-16 22:00:00,836,20086,810,458,352,247,105,1355,194,1161,850,311,73696,73241
"960",2017-04-16 23:00:00,836,20087,881,501,380,242,138,1401,208,1193,880,313,76001,75578
"961",2017-04-17 00:00:00,837,20088,917,525,392,295,97,1355,198,1157,844,313,85617,85144
"962",2017-04-17 01:00:00,837,20089,808,493,315,239,76,1126,186,940,682,258,93179,92587
"963",2017-04-17 02:00:00,837,20090,756,484,272,198,74,791,99,692,505,187,86947,86378
"964",2017-04-17 03:00:00,837,20091,710,463,247,188,59,593,104,489,357,132,86234,85692
"965",2017-04-17 04:00:00,837,20092,537,370,167,137,30,380,76,304,224,80,80401,79892
"966",2017-04-17 05:00:00,837,20093,471,312,159,106,53,239,52,187,134,53,78462,77988
"967",2017-04-17 06:00:00,837,20094,360,245,115,75,40,112,25,87,67,20,79410,78886
"968",2017-04-17 07:00:00,837,20095,263,194,69,45,24,84,36,48,35,13,80267,79717
"969",2017-04-17 08:00:00,837,20096,237,191,46,30,16,68,35,33,24,9,80425,79854
"970",2017-04-17 09:00:00,837,20097,242,208,34,23,11,53,16,37,23,14,85120,84578
"971",2017-04-17 10:00:00,837,20098,292,239,53,37,16,74,23,51,39,12,99955,99407
"972",2017-04-17 11:00:00,837,20099,309,268,41,30,11,252,77,175,124,51,152806,152132
"973",2017-04-17 12:00:00,837,20100,436,378,58,40,18,558,171,387,265,122,230265,229161
"974",2017-04-17 13:00:00,837,20101,651,551,100,71,29,1021,293,728,490,238,254584,253181
"975",2017-04-17 14:00:00,837,20102,803,665,138,105,33,1333,412,921,640,281,245829,244380
"976",2017-04-17 15:00:00,837,20103,862,703,159,113,46,1576,504,1072,746,326,235739,234231
"977",2017-04-17 16:00:00,837,20104,907,722,185,138,47,1877,538,1339,908,431,210654,209283
"978",2017-04-17 17:00:00,837,20105,1012,754,258,186,72,1790,589,1201,852,349,204087,202747
"979",2017-04-17 18:00:00,837,20106,1173,836,337,204,133,1897,583,1314,919,395,197840,196536
"980",2017-04-17 19:00:00,837,20107,1221,870,351,228,123,2006,581,1425,984,441,186091,184824
"981",2017-04-17 20:00:00,837,20108,1237,851,386,260,126,2220,562,1658,1169,489,169135,168007
"982",2017-04-17 21:00:00,837,20109,1224,801,423,266,157,2278,562,1716,1205,511,142153,141271
"983",2017-04-17 22:00:00,837,20110,1207,800,407,264,143,2216,489,1727,1247,480,119603,118846
"984",2017-04-17 23:00:00,837,20111,1140,752,388,267,121,2142,453,1689,1221,468,109533,108817
"985",2017-04-18 00:00:00,838,20112,1059,658,401,289,112,1805,357,1448,1047,401,106556,105917
"986",2017-04-18 01:00:00,838,20113,1095,667,428,306,122,1637,313,1324,971,353,108697,107954
"987",2017-04-18 02:00:00,838,20114,888,554,334,237,97,1270,221,1049,747,302,101931,101215
"988",2017-04-18 03:00:00,838,20115,760,477,283,207,76,755,162,593,443,150,93934,93336
"989",2017-04-18 04:00:00,838,20116,660,432,228,144,84,458,112,346,247,99,88000,87449
"990",2017-04-18 05:00:00,838,20117,459,323,136,91,45,289,86,203,150,53,90356,89788
"991",2017-04-18 06:00:00,838,20118,329,225,104,73,31,150,56,94,63,31,99856,99159
"992",2017-04-18 07:00:00,838,20119,369,272,97,56,41,104,41,63,46,17,104067,103333
"993",2017-04-18 08:00:00,838,20120,332,273,59,36,23,56,30,26,20,6,102012,101245
"994",2017-04-18 09:00:00,838,20121,331,286,45,29,16,62,36,26,18,8,102137,101388
"995",2017-04-18 10:00:00,838,20122,335,295,40,25,15,118,47,71,49,22,106902,106136
"996",2017-04-18 11:00:00,838,20123,389,321,68,47,21,265,84,181,120,61,136019,135218
"997",2017-04-18 12:00:00,838,20124,522,432,90,67,23,612,197,415,271,144,185265,184109
"998",2017-04-18 13:00:00,838,20125,667,560,107,70,37,890,277,613,412,201,216486,215018
"999",2017-04-18 14:00:00,838,20126,798,660,138,98,40,1249,382,867,596,271,220068,218529
"1000",2017-04-18 15:00:00,838,20127,897,719,178,119,59,1432,469,963,662,301,215648,214221
"1001",2017-04-18 16:00:00,838,20128,891,726,165,108,57,1586,567,1019,716,303,195361,194064
"1002",2017-04-18 17:00:00,838,20129,921,723,198,141,57,1576,530,1046,729,317,190814,189487
"1003",2017-04-18 18:00:00,838,20130,1036,794,242,156,86,1686,572,1114,784,330,189506,188169
"1004",2017-04-18 19:00:00,838,20131,988,706,282,190,92,1875,591,1284,916,368,178481,177187
"1005",2017-04-18 20:00:00,838,20132,1127,755,372,268,104,2147,571,1576,1129,447,161165,160113
"1006",2017-04-18 21:00:00,838,20133,1107,665,442,335,107,2285,503,1782,1336,446,135645,134761
"1007",2017-04-18 22:00:00,838,20134,1149,685,464,345,119,2318,469,1849,1392,457,114247,113531
"1008",2017-04-18 23:00:00,838,20135,1160,699,461,335,126,2350,399,1951,1485,466,103574,102964
"1009",2017-04-19 00:00:00,839,20136,1168,714,454,337,117,2133,343,1790,1357,433,99672,99086
"1010",2017-04-19 01:00:00,839,20137,1099,638,461,351,110,1602,290,1312,1011,301,99793,99094
"1011",2017-04-19 02:00:00,839,20138,1046,644,402,309,93,1196,243,953,716,237,96218,95531
"1012",2017-04-19 03:00:00,839,20139,845,503,342,245,97,732,171,561,421,140,89587,89000
"1013",2017-04-19 04:00:00,839,20140,650,445,205,135,70,467,124,343,245,98,86362,85755
"1014",2017-04-19 05:00:00,839,20141,516,344,172,102,70,215,57,158,120,38,85438,84850
"1015",2017-04-19 06:00:00,839,20142,386,271,115,76,39,136,45,91,70,21,95034,94333
"1016",2017-04-19 07:00:00,839,20143,310,221,89,52,37,112,63,49,34,15,99622,98868
"1017",2017-04-19 08:00:00,839,20144,321,255,66,36,30,63,29,34,26,8,99165,98425
"1018",2017-04-19 09:00:00,839,20145,321,260,61,33,28,48,29,19,15,4,100362,99597
"1019",2017-04-19 10:00:00,839,20146,341,272,69,43,26,101,53,48,33,15,101836,101128
"1020",2017-04-19 11:00:00,839,20147,439,355,84,54,30,197,69,128,83,45,121898,121183
"1021",2017-04-19 12:00:00,839,20148,505,420,85,63,22,520,172,348,238,110,158444,157469
"1022",2017-04-19 13:00:00,839,20149,705,569,136,88,48,992,348,644,432,212,190147,188868
"1023",2017-04-19 14:00:00,839,20150,844,692,152,101,51,1217,415,802,534,268,199994,198659
"1024",2017-04-19 15:00:00,839,20151,875,709,166,112,54,1288,476,812,582,230,197803,196392
"1025",2017-04-19 16:00:00,839,20152,928,752,176,112,64,1488,545,943,643,300,183157,181931
"1026",2017-04-19 17:00:00,839,20153,946,739,207,130,77,1569,581,988,701,287,180385,179164
"1027",2017-04-19 18:00:00,839,20154,972,722,250,159,91,1593,576,1017,721,296,179394,178180
"1028",2017-04-19 19:00:00,839,20155,1080,751,329,226,103,1827,566,1261,905,356,168927,167714
"1029",2017-04-19 20:00:00,839,20156,1056,722,334,212,122,2051,567,1484,1066,418,154457,153391
"1030",2017-04-19 21:00:00,839,20157,1044,680,364,250,114,2093,510,1583,1145,438,133135,132242
"1031",2017-04-19 22:00:00,839,20158,1024,596,428,291,137,1915,444,1471,1073,398,112351,111622
"1032",2017-04-19 23:00:00,839,20159,1102,662,440,310,130,1721,392,1329,974,355,102603,101942
"1033",2017-04-20 00:00:00,840,20160,1117,689,428,309,119,1708,338,1370,1022,348,100138,99534
"1034",2017-04-20 01:00:00,840,20161,1036,633,403,270,133,1377,251,1126,832,294,101513,100879
"1035",2017-04-20 02:00:00,840,20162,944,593,351,241,110,931,209,722,538,184,96196,95586
"1036",2017-04-20 03:00:00,840,20163,804,517,287,196,91,644,131,513,372,141,90439,89838
"1037",2017-04-20 04:00:00,840,20164,622,388,234,159,75,469,94,375,278,97,84902,84362
"1038",2017-04-20 05:00:00,840,20165,492,347,145,87,58,254,66,188,145,43,84686,84103
"1039",2017-04-20 06:00:00,840,20166,414,293,121,73,48,140,56,84,68,16,94645,93977
"1040",2017-04-20 07:00:00,840,20167,382,304,78,56,22,98,45,53,41,12,97579,96886
"1041",2017-04-20 08:00:00,840,20168,331,259,72,39,33,53,26,27,20,7,98792,98079
"1042",2017-04-20 09:00:00,840,20169,320,263,57,30,27,62,36,26,20,6,98923,98167
"1043",2017-04-20 10:00:00,840,20170,355,288,67,39,28,55,27,28,21,7,104549,103834
"1044",2017-04-20 11:00:00,840,20171,391,321,70,46,24,161,53,108,75,33,135305,134539
"1045",2017-04-20 12:00:00,840,20172,470,398,72,49,23,473,141,332,222,110,189339,188268
"1046",2017-04-20 13:00:00,840,20173,671,524,147,94,53,980,313,667,440,227,224565,223176
"1047",2017-04-20 14:00:00,840,20174,808,664,144,95,49,1107,417,690,477,213,228939,227524
"1048",2017-04-20 15:00:00,840,20175,856,685,171,108,63,1321,524,797,554,243,221471,219955
"1049",2017-04-20 16:00:00,840,20176,894,729,165,118,47,1408,496,912,624,288,204496,203258
"1050",2017-04-20 17:00:00,840,20177,855,671,184,138,46,1536,575,961,672,289,197396,196100
"1051",2017-04-20 18:00:00,840,20178,888,668,220,131,89,1489,558,931,664,267,194747,193507
"1052",2017-04-20 19:00:00,840,20179,922,698,224,153,71,1756,612,1144,807,337,180891,179708
"1053",2017-04-20 20:00:00,840,20180,1089,795,294,203,91,1792,516,1276,903,373,166254,165177
"1054",2017-04-20 21:00:00,840,20181,1013,681,332,228,104,1832,471,1361,975,386,137655,136801
"1055",2017-04-20 22:00:00,840,20182,973,598,375,241,134,1735,432,1303,935,368,112079,111422
"1056",2017-04-20 23:00:00,840,20183,5,3,2,2,0,1654,416,1238,899,339,100761,100158
"1057",2017-04-21 00:00:00,841,20184,911,507,404,286,118,1504,329,1175,857,318,97166,96574
"1058",2017-04-21 01:00:00,841,20185,927,518,409,281,128,1117,237,880,652,228,98244,97618
"1059",2017-04-21 02:00:00,841,20186,839,500,339,238,101,845,209,636,474,162,91014,90418
"1060",2017-04-21 03:00:00,841,20187,725,443,282,177,105,693,150,543,384,159,83650,83056
"1061",2017-04-21 04:00:00,841,20188,592,379,213,147,66,393,101,292,222,70,77175,76720
"1062",2017-04-21 05:00:00,841,20189,447,313,134,91,43,208,63,145,106,39,75763,75276
"1063",2017-04-21 06:00:00,841,20190,371,262,109,76,33,139,43,96,70,26,83898,83321
"1064",2017-04-21 07:00:00,841,20191,332,243,89,60,29,83,42,41,33,8,88867,88216
"1065",2017-04-21 08:00:00,841,20192,287,221,66,44,22,81,33,48,35,13,88591,87966
"1066",2017-04-21 09:00:00,841,20193,284,240,44,25,19,44,27,17,10,7,89677,89007
"1067",2017-04-21 10:00:00,841,20194,286,263,23,20,3,68,33,35,26,9,94531,93939
"1068",2017-04-21 11:00:00,841,20195,305,258,47,36,11,213,75,138,94,44,123090,122402
"1069",2017-04-21 12:00:00,841,20196,451,383,68,47,21,422,186,236,155,81,169294,168371
"1070",2017-04-21 13:00:00,841,20197,600,517,83,62,21,920,317,603,405,198,197290,195994
"1071",2017-04-21 14:00:00,841,20198,728,585,143,94,49,1068,401,667,458,209,203303,201924
"1072",2017-04-21 15:00:00,841,20199,762,609,153,98,55,1282,439,843,582,261,197545,196159
"1073",2017-04-21 16:00:00,841,20200,867,675,192,132,60,1482,528,954,655,299,178744,177531
"1074",2017-04-21 17:00:00,841,20201,919,695,224,145,79,1644,555,1089,755,334,172800,171565
"1075",2017-04-21 18:00:00,841,20202,885,651,234,145,89,1574,568,1006,697,309,170961,169764
"1076",2017-04-21 19:00:00,841,20203,878,621,257,157,100,1819,677,1142,790,352,160470,159279
"1077",2017-04-21 20:00:00,841,20204,1003,684,319,203,116,2029,594,1435,1024,411,144124,143141
"1078",2017-04-21 21:00:00,841,20205,1105,794,311,226,85,2515,491,2024,1457,567,118290,117498
"1079",2017-04-21 22:00:00,841,20206,1145,757,388,271,117,2564,422,2142,1562,580,98050,97359
"1080",2017-04-21 23:00:00,841,20207,1004,617,387,278,109,1989,376,1613,1159,454,86234,85726
"1081",2017-04-22 00:00:00,842,20208,1017,584,433,275,158,1554,337,1217,896,321,78902,78426
"1082",2017-04-22 01:00:00,842,20209,970,554,416,279,137,1390,276,1114,810,304,74794,74320
"1083",2017-04-22 02:00:00,842,20210,925,488,437,295,142,1120,202,918,672,246,71939,71527
"1084",2017-04-22 03:00:00,842,20211,800,464,336,236,100,792,161,631,458,173,67888,67496
"1085",2017-04-22 04:00:00,842,20212,685,375,310,218,92,554,118,436,313,123,63802,63417
"1086",2017-04-22 05:00:00,842,20213,495,301,194,117,77,377,94,283,205,78,61092,60739
"1087",2017-04-22 06:00:00,842,20214,424,246,178,105,73,210,63,147,109,38,59864,59502
"1088",2017-04-22 07:00:00,842,20215,330,225,105,63,42,136,50,86,61,25,59837,59457
"1089",2017-04-22 08:00:00,842,20216,296,214,82,51,31,98,51,47,30,17,58961,58596
"1090",2017-04-22 09:00:00,842,20217,280,200,80,43,37,93,60,33,24,9,59807,59440
"1091",2017-04-22 10:00:00,842,20218,276,208,68,42,26,87,37,50,33,17,62658,62285
"1092",2017-04-22 11:00:00,842,20219,315,247,68,44,24,176,71,105,79,26,71300,70892
"1093",2017-04-22 12:00:00,842,20220,393,306,87,66,21,480,100,380,258,122,80987,80554
"1094",2017-04-22 13:00:00,842,20221,572,423,149,92,57,894,208,686,473,213,90625,90132
"1095",2017-04-22 14:00:00,842,20222,619,428,191,143,48,1025,197,828,605,223,97217,96691
"1096",2017-04-22 15:00:00,842,20223,823,534,289,202,87,1067,251,816,571,245,100575,99928
"1097",2017-04-22 16:00:00,842,20224,849,578,271,187,84,1477,379,1098,780,318,99082,98479
"1098",2017-04-22 17:00:00,842,20225,914,596,318,218,100,1764,447,1317,930,387,95820,95254
"1099",2017-04-22 18:00:00,842,20226,959,621,338,225,113,1709,449,1260,908,352,92546,92001
"1100",2017-04-22 19:00:00,842,20227,1012,670,342,225,117,1729,426,1303,911,392,89218,88678
"1101",2017-04-22 20:00:00,842,20228,942,607,335,242,93,1590,438,1152,825,327,83794,83282
"1102",2017-04-22 21:00:00,842,20229,1006,601,405,286,119,1824,389,1435,1040,395,77275,76795
"1103",2017-04-22 22:00:00,842,20230,941,544,397,265,132,1862,360,1502,1083,419,72040,71554
"1104",2017-04-22 23:00:00,842,20231,978,573,405,256,149,1568,334,1234,896,338,68984,68542
"1105",2017-04-23 00:00:00,843,20232,990,576,414,282,132,1665,402,1263,935,328,66792,66382
"1106",2017-04-23 01:00:00,843,20233,942,554,388,289,99,1433,321,1112,804,308,66356,65921
"1107",2017-04-23 02:00:00,843,20234,753,402,351,258,93,1076,238,838,613,225,65778,65338
"1108",2017-04-23 03:00:00,843,20235,656,370,286,210,76,824,220,604,441,163,65253,64824
"1109",2017-04-23 04:00:00,843,20236,665,361,304,216,88,500,126,374,281,93,62624,62236
"1110",2017-04-23 05:00:00,843,20237,545,323,222,145,77,350,124,226,160,66,59773,59420
"1111",2017-04-23 06:00:00,843,20238,399,236,163,111,52,181,67,114,86,28,57604,57241
"1112",2017-04-23 07:00:00,843,20239,322,212,110,69,41,133,62,71,54,17,53581,53253
"1113",2017-04-23 08:00:00,843,20240,218,165,53,36,17,88,32,56,40,16,50650,50357
"1114",2017-04-23 09:00:00,843,20241,198,154,44,24,20,62,32,30,22,8,55527,55180
"1115",2017-04-23 10:00:00,843,20242,248,201,47,31,16,74,29,45,37,8,60429,60061
"1116",2017-04-23 11:00:00,843,20243,251,198,53,33,20,175,61,114,81,33,67827,67462
"1117",2017-04-23 12:00:00,843,20244,341,269,72,50,22,322,108,214,144,70,76104,75682
"1118",2017-04-23 13:00:00,843,20245,481,338,143,96,47,734,175,559,400,159,83924,83416
"1119",2017-04-23 14:00:00,843,20246,597,394,203,142,61,1135,302,833,586,247,91019,90484
"1120",2017-04-23 15:00:00,843,20247,683,423,260,179,81,1363,378,985,702,283,94491,93869
"1121",2017-04-23 16:00:00,843,20248,728,456,272,183,89,1514,433,1081,770,311,95323,94747
"1122",2017-04-23 17:00:00,843,20249,733,454,279,197,82,1519,429,1090,785,305,95357,94739
"1123",2017-04-23 18:00:00,843,20250,827,527,300,201,99,1693,480,1213,862,351,94109,93447
"1124",2017-04-23 19:00:00,843,20251,826,501,325,196,129,1651,496,1155,822,333,91243,90643
"1125",2017-04-23 20:00:00,843,20252,906,550,356,238,118,1649,526,1123,820,303,85599,85014
"1126",2017-04-23 21:00:00,843,20253,887,513,374,244,130,1680,538,1142,832,310,81846,81329
"1127",2017-04-23 22:00:00,843,20254,921,564,357,233,124,1754,481,1273,943,330,78950,78385
"1128",2017-04-23 23:00:00,843,20255,858,464,394,280,114,1543,455,1088,797,291,78270,77767
